0.0003003 	0.0690102 	1.6485e-18 	0
0.000900901 	0.206846 	4.97117e-18 	0
0.0015015 	0.344589 	8.29695e-18 	0
0.0021021 	0.481952 	7.7604e-18 	0
0.0027027 	0.618949 	7.36147e-18 	0
0.0033033 	0.755229 	7.23271e-18 	0
0.0039039 	0.889281 	7.16522e-18 	0
0.0045045 	1.02219 	7.1277e-18 	0
0.00510511 	1.14777 	7.10729e-18 	0
0.00570571 	1.26935 	7.07129e-18 	0
0.00630631 	1.38329 	7.00535e-18 	0
0.00690691 	1.48788 	7.01091e-18 	0
0.00750751 	1.58784 	7.05222e-18 	0
0.00810811 	1.67447 	7.23024e-18 	0
0.00870871 	1.75697 	7.39861e-18 	0
0.00930931 	1.83172 	7.54886e-18 	0
0.00990991 	1.89973 	7.58539e-18 	0
0.0105105 	1.96446 	7.568e-18 	0
0.0111111 	2.02125 	7.4941e-18 	0
0.0117117 	2.07571 	7.45191e-18 	0
0.0123123 	2.1259 	7.46796e-18 	0
0.0129129 	2.17238 	7.46529e-18 	0
0.0135135 	2.21706 	7.45251e-18 	0
0.0141141 	2.25735 	7.37073e-18 	0
0.0147147 	2.29631 	7.29681e-18 	0
0.0153153 	2.33286 	7.237e-18 	0
0.0159159 	2.36722 	7.21457e-18 	0
0.0165165 	2.40053 	7.20932e-18 	0
0.0171171 	2.43122 	7.22467e-18 	0
0.0177177 	2.46106 	7.23825e-18 	0
0.0183183 	2.48942 	7.24872e-18 	0
0.0189189 	2.51637 	7.25671e-18 	0
0.0195195 	2.54266 	7.26356e-18 	0
0.0201201 	2.56723 	7.26797e-18 	0
0.0207207 	2.59123 	7.27172e-18 	0
0.0213213 	2.61425 	7.27434e-18 	0
0.0219219 	2.6363 	7.27608e-18 	0
0.0225225 	2.65789 	7.27742e-18 	0
0.0231231 	2.67829 	7.27794e-18 	0
0.0237237 	2.69829 	7.27826e-18 	0
0.0243243 	2.71759 	7.27822e-18 	0
0.0249249 	2.73619 	7.27793e-18 	0
0.0255255 	2.75445 	7.27753e-18 	0
0.0261261 	2.77186 	7.27693e-18 	0
0.0267267 	2.78895 	7.27628e-18 	0
0.0273273 	2.80553 	7.27555e-18 	0
0.0279279 	2.82158 	7.27478e-18 	0
0.0285285 	2.83738 	7.274e-18 	0
0.0291291 	2.85253 	7.27322e-18 	0
0.0297297 	2.86744 	7.27243e-18 	0
0.0303303 	2.88196 	7.27166e-18 	0
0.0309309 	2.89606 	7.2709e-18 	0
0.0315315 	2.90996 	7.27015e-18 	0
0.0321321 	2.92336 	7.26944e-18 	0
0.0327327 	2.93656 	7.26875e-18 	0
0.0333333 	2.94946 	7.26808e-18 	0
0.0339339 	2.96202 	7.26744e-18 	0
0.0345345 	2.97443 	7.26682e-18 	0
0.0351351 	2.98643 	7.26624e-18 	0
0.0357357 	2.99827 	7.26568e-18 	0
0.0363363 	3.00987 	7.26515e-18 	0
0.0369369 	3.02119 	7.26465e-18 	0
0.0375375 	3.03239 	7.26417e-18 	0
0.0381381 	3.04325 	7.26374e-18 	0
0.0387387 	3.05399 	7.26333e-18 	0
0.0393393 	3.06451 	7.26295e-18 	0
0.0399399 	3.07481 	7.26262e-18 	0
0.0405405 	3.08501 	7.26231e-18 	0
0.0411411 	3.09493 	7.26205e-18 	0
0.0417417 	3.10474 	7.26183e-18 	0
0.0423423 	3.11439 	7.26164e-18 	0
0.0429429 	3.12383 	7.26151e-18 	0
0.0435435 	3.13319 	7.2614e-18 	0
0.0441441 	3.14232 	7.26136e-18 	0
0.0447447 	3.15135 	7.26136e-18 	0
0.0453453 	3.16024 	7.2614e-18 	0
0.0459459 	3.16896 	7.2615e-18 	0
0.0465465 	3.1776 	7.26164e-18 	0
0.0471471 	3.18606 	7.26185e-18 	0
0.0477477 	3.19442 	7.2621e-18 	0
0.0483483 	3.20267 	7.2624e-18 	0
0.0489489 	3.21077 	7.26278e-18 	0
0.0495495 	3.21881 	7.26318e-18 	0
0.0501502 	3.22667 	7.26367e-18 	0
0.0507508 	3.23446 	7.26421e-18 	0
0.0513514 	3.24216 	7.26479e-18 	0
0.051952 	3.24971 	7.26546e-18 	0
0.0525526 	3.25721 	7.26615e-18 	0
0.0531532 	3.26457 	7.26693e-18 	0
0.0537538 	3.27186 	7.26775e-18 	0
0.0543544 	3.27906 	7.26863e-18 	0
0.054955 	3.28616 	7.26958e-18 	0
0.0555556 	3.2932 	7.27057e-18 	0
0.0561562 	3.30011 	7.27164e-18 	0
0.0567568 	3.30696 	7.27275e-18 	0
0.0573574 	3.31373 	7.27391e-18 	0
0.057958 	3.32041 	7.27515e-18 	0
0.0585586 	3.32703 	7.27641e-18 	0
0.0591592 	3.33355 	7.27775e-18 	0
0.0597598 	3.34 	7.27913e-18 	0
0.0603604 	3.34639 	7.28056e-18 	0
0.060961 	3.3527 	7.28205e-18 	0
0.0615616 	3.35896 	7.28357e-18 	0
0.0621622 	3.36512 	7.28516e-18 	0
0.0627628 	3.37124 	7.28679e-18 	0
0.0633634 	3.37729 	7.28845e-18 	0
0.063964 	3.38326 	7.29017e-18 	0
0.0645646 	3.3892 	7.29191e-18 	0
0.0651652 	3.39504 	7.29372e-18 	0
0.0657658 	3.40084 	7.29554e-18 	0
0.0663664 	3.40659 	7.29741e-18 	0
0.066967 	3.41226 	7.29931e-18 	0
0.0675676 	3.41791 	7.30123e-18 	0
0.0681682 	3.42347 	7.30319e-18 	0
0.0687688 	3.42899 	7.30518e-18 	0
0.0693694 	3.43446 	7.30719e-18 	0
0.06997 	3.43987 	7.30923e-18 	0
0.0705706 	3.44524 	7.31127e-18 	0
0.0711712 	3.45055 	7.31335e-18 	0
0.0717718 	3.45581 	7.31543e-18 	0
0.0723724 	3.46103 	7.31752e-18 	0
0.072973 	3.46619 	7.31963e-18 	0
0.0735736 	3.47133 	7.32174e-18 	0
0.0741742 	3.47639 	7.32385e-18 	0
0.0747748 	3.48143 	7.32597e-18 	0
0.0753754 	3.48642 	7.32808e-18 	0
0.075976 	3.49136 	7.33019e-18 	0
0.0765766 	3.49628 	7.33229e-18 	0
0.0771772 	3.50113 	7.33437e-18 	0
0.0777778 	3.50595 	7.33644e-18 	0
0.0783784 	3.51073 	7.33849e-18 	0
0.078979 	3.51546 	7.34052e-18 	0
0.0795796 	3.52018 	7.34253e-18 	0
0.0801802 	3.52484 	7.3445e-18 	0
0.0807808 	3.52947 	7.34645e-18 	0
0.0813814 	3.53406 	7.34836e-18 	0
0.081982 	3.53861 	7.35022e-18 	0
0.0825826 	3.54314 	7.35205e-18 	0
0.0831832 	3.54761 	7.35383e-18 	0
0.0837838 	3.55206 	7.35555e-18 	0
0.0843844 	3.55647 	7.35724e-18 	0
0.084985 	3.56085 	7.35885e-18 	0
0.0855856 	3.5652 	7.36042e-18 	0
0.0861862 	3.56951 	7.3619e-18 	0
0.0867868 	3.57379 	7.36332e-18 	0
0.0873874 	3.57805 	7.36468e-18 	0
0.087988 	3.58227 	7.36595e-18 	0
0.0885886 	3.58646 	7.36717e-18 	0
0.0891892 	3.59061 	7.36828e-18 	0
0.0897898 	3.59474 	7.36931e-18 	0
0.0903904 	3.59885 	7.37027e-18 	0
0.090991 	3.60291 	7.37111e-18 	0
0.0915916 	3.60696 	7.3719e-18 	0
0.0921922 	3.61097 	7.37255e-18 	0
0.0927928 	3.61496 	7.37312e-18 	0
0.0933934 	3.61893 	7.3736e-18 	0
0.093994 	3.62285 	7.37395e-18 	0
0.0945946 	3.62676 	7.37424e-18 	0
0.0951952 	3.63064 	7.37438e-18 	0
0.0957958 	3.6345 	7.37443e-18 	0
0.0963964 	3.63833 	7.37439e-18 	0
0.096997 	3.64213 	7.3742e-18 	0
0.0975976 	3.64592 	7.37394e-18 	0
0.0981982 	3.64967 	7.37354e-18 	0
0.0987988 	3.6534 	7.37304e-18 	0
0.0993994 	3.65711 	7.37245e-18 	0
0.1 	3.66079 	7.37171e-18 	0
0.100601 	3.66446 	7.3709e-18 	0
0.101201 	3.66809 	7.36995e-18 	0
0.101802 	3.67171 	7.3689e-18 	0
0.102402 	3.67531 	7.36777e-18 	0
0.103003 	3.67887 	7.3665e-18 	0
0.103604 	3.68243 	7.36518e-18 	0
0.104204 	3.68595 	7.36371e-18 	0
0.104805 	3.68946 	7.36217e-18 	0
0.105405 	3.69295 	7.36055e-18 	0
0.106006 	3.69641 	7.3588e-18 	0
0.106607 	3.69986 	7.357e-18 	0
0.107207 	3.70328 	7.35508e-18 	0
0.107808 	3.70669 	7.35309e-18 	0
0.108408 	3.71008 	7.35103e-18 	0
0.109009 	3.71345 	7.34885e-18 	0
0.10961 	3.7168 	7.34662e-18 	0
0.11021 	3.72012 	7.34427e-18 	0
0.110811 	3.72343 	7.34184e-18 	0
0.111411 	3.72672 	7.33934e-18 	0
0.112012 	3.73 	7.33668e-18 	0
0.112613 	3.73326 	7.33396e-18 	0
0.113213 	3.73649 	7.33106e-18 	0
0.113814 	3.73971 	7.32801e-18 	0
0.114414 	3.74291 	7.32484e-18 	0
0.115015 	3.74609 	7.32138e-18 	0
0.115616 	3.74927 	7.31778e-18 	0
0.116216 	3.75242 	7.31381e-18 	0
0.116817 	3.75555 	7.30953e-18 	0
0.117417 	3.75867 	7.30497e-18 	0
0.118018 	3.76177 	7.29973e-18 	0
0.118619 	3.76486 	7.29418e-18 	0
0.119219 	3.76793 	7.28781e-18 	0
0.11982 	3.77098 	7.28091e-18 	0
0.12042 	3.77403 	7.27355e-18 	0
0.121021 	3.77705 	7.265e-18 	0
0.121622 	3.78006 	7.25592e-18 	0
0.122222 	3.78305 	7.24542e-18 	0
0.122823 	3.78602 	7.23367e-18 	0
0.123423 	3.78899 	7.22086e-18 	0
0.124024 	3.79194 	7.20584e-18 	0
0.124625 	3.79487 	7.18981e-18 	0
0.125225 	3.79779 	7.17122e-18 	0
0.125826 	3.80069 	7.15061e-18 	0
0.126426 	3.80359 	7.12829e-18 	0
0.127027 	3.80646 	7.10222e-18 	0
0.127628 	3.80933 	7.07451e-18 	0
0.128228 	3.81218 	7.04265e-18 	0
0.128829 	3.81502 	7.00751e-18 	0
0.129429 	3.81784 	6.96964e-18 	0
0.13003 	3.82065 	6.92605e-18 	0
0.130631 	3.82344 	6.88011e-18 	0
0.131231 	3.82623 	6.82846e-18 	0
0.131832 	3.829 	6.77253e-18 	0
0.132432 	3.83176 	6.71314e-18 	0
0.133033 	3.8345 	6.64636e-18 	0
0.133634 	3.83724 	6.57677e-18 	0
0.134234 	3.83996 	6.50069e-18 	0
0.134835 	3.84267 	6.4202e-18 	0
0.135435 	3.84537 	6.33619e-18 	0
0.136036 	3.84805 	6.2461e-18 	0
0.136637 	3.85073 	6.15427e-18 	0
0.137237 	3.85339 	6.05904e-18 	0
0.137838 	3.85603 	5.96165e-18 	0
0.138438 	3.85867 	5.86258e-18 	0
0.139039 	3.8613 	5.78786e-18 	0
0.13964 	3.86391 	5.75099e-18 	0
0.14024 	3.86652 	5.82984e-18 	0
0.140841 	3.86911 	5.91481e-18 	0
0.141441 	3.87169 	6.00446e-18 	0
0.142042 	3.87425 	5.9803e-18 	0
0.142643 	3.87682 	5.93999e-18 	0
0.143243 	3.87937 	5.88732e-18 	0
0.143844 	3.88191 	5.83532e-18 	0
0.144444 	3.88444 	5.7838e-18 	0
0.145045 	3.88695 	5.73474e-18 	0
0.145646 	3.88946 	5.68708e-18 	0
0.146246 	3.89195 	5.64302e-18 	0
0.146847 	3.89444 	5.60231e-18 	0
0.147447 	3.89692 	5.56405e-18 	0
0.148048 	3.89939 	5.53142e-18 	0
0.148649 	3.90185 	5.50085e-18 	0
0.149249 	3.90429 	5.47487e-18 	0
0.14985 	3.90672 	5.45206e-18 	0
0.15045 	3.90915 	5.43152e-18 	0
0.151051 	3.91157 	5.41556e-18 	0
0.151652 	3.91398 	5.40105e-18 	0
0.152252 	3.91637 	5.38962e-18 	0
0.152853 	3.91876 	5.38031e-18 	0
0.153453 	3.92115 	5.37249e-18 	0
0.154054 	3.92351 	5.36728e-18 	0
0.154655 	3.92588 	5.36284e-18 	0
0.155255 	3.92823 	5.36001e-18 	0
0.155856 	3.93057 	5.35794e-18 	0
0.156456 	3.93291 	5.3564e-18 	0
0.157057 	3.93523 	5.35563e-18 	0
0.157658 	3.93755 	5.35504e-18 	0
0.158258 	3.93985 	5.35479e-18 	0
0.158859 	3.94215 	5.35448e-18 	0
0.159459 	3.94445 	5.35412e-18 	0
0.16006 	3.94673 	5.35323e-18 	0
0.160661 	3.94901 	5.35212e-18 	0
0.161261 	3.95127 	5.35049e-18 	0
0.161862 	3.95352 	5.34827e-18 	0
0.162462 	3.95577 	5.34565e-18 	0
0.163063 	3.95801 	5.34188e-18 	0
0.163664 	3.96025 	5.33763e-18 	0
0.164264 	3.96247 	5.33235e-18 	0
0.164865 	3.96468 	5.32612e-18 	0
0.165465 	3.96689 	5.31927e-18 	0
0.166066 	3.96909 	5.31084e-18 	0
0.166667 	3.97129 	5.30182e-18 	0
0.167267 	3.97347 	5.29152e-18 	0
0.167868 	3.97565 	5.27992e-18 	0
0.168468 	3.97782 	5.2675e-18 	0
0.169069 	3.97998 	5.25705e-18 	0
0.16967 	3.98214 	5.23147e-18 	0
0.17027 	3.98428 	5.1672e-18 	0
0.170871 	3.98642 	5.04382e-18 	0
0.171471 	3.98855 	4.88383e-18 	0
0.172072 	3.99068 	4.72278e-18 	0
0.172673 	3.9928 	4.5885e-18 	0
0.173273 	3.9949 	4.52067e-18 	0
0.173874 	3.997 	4.48428e-18 	0
0.174474 	3.9991 	4.46695e-18 	0
0.175075 	4.00119 	4.44464e-18 	0
0.175676 	4.00328 	4.42177e-18 	0
0.176276 	4.00535 	4.39807e-18 	0
0.176877 	4.00741 	4.37357e-18 	0
0.177477 	4.00947 	4.34859e-18 	0
0.178078 	4.01153 	4.32256e-18 	0
0.178679 	4.01358 	4.29622e-18 	0
0.179279 	4.01561 	4.26928e-18 	0
0.17988 	4.01764 	4.24179e-18 	0
0.18048 	4.01967 	4.21397e-18 	0
0.181081 	4.02169 	4.18557e-18 	0
0.181682 	4.02371 	4.15706e-18 	0
0.182282 	4.02571 	4.12833e-18 	0
0.182883 	4.02772 	4.09943e-18 	0
0.183483 	4.02972 	4.07044e-18 	0
0.184084 	4.0317 	4.04149e-18 	0
0.184685 	4.03368 	4.01257e-18 	0
0.185285 	4.03565 	3.98371e-18 	0
0.185886 	4.03762 	3.95505e-18 	0
0.186486 	4.03959 	3.92651e-18 	0
0.187087 	4.04154 	3.89821e-18 	0
0.187688 	4.04349 	3.87e-18 	0
0.188288 	4.04543 	3.84198e-18 	0
0.188889 	4.04737 	3.81391e-18 	0
0.189489 	4.04931 	3.7858e-18 	0
0.19009 	4.05123 	3.75725e-18 	0
0.190691 	4.05315 	3.72831e-18 	0
0.191291 	4.05506 	3.69858e-18 	0
0.191892 	4.05697 	3.66737e-18 	0
0.192492 	4.05888 	3.63538e-18 	0
0.193093 	4.06077 	3.5998e-18 	0
0.193694 	4.06266 	3.56236e-18 	0
0.194294 	4.06454 	3.52112e-18 	0
0.194895 	4.06642 	3.47481e-18 	0
0.195495 	4.0683 	3.42585e-18 	0
0.196096 	4.07016 	3.36724e-18 	0
0.196697 	4.07202 	3.30474e-18 	0
0.197297 	4.07387 	3.23441e-18 	0
0.197898 	4.07573 	3.15452e-18 	0
0.198498 	4.07758 	3.06976e-18 	0
0.199099 	4.07941 	2.98142e-18 	0
0.1997 	4.08125 	2.89503e-18 	0
0.2003 	4.08307 	2.81261e-18 	0
0.200901 	4.08489 	2.73475e-18 	0
0.201502 	4.08671 	2.65903e-18 	0
0.202102 	4.08852 	2.52673e-18 	0
0.202703 	4.09033 	2.40625e-18 	0
0.203303 	4.09213 	2.30895e-18 	0
0.203904 	4.09393 	2.21141e-18 	0
0.204505 	4.09572 	2.11349e-18 	0
0.205105 	4.09751 	1.98098e-18 	0
0.205706 	4.09929 	1.86769e-18 	0
0.206306 	4.10106 	1.79129e-18 	0
0.206907 	4.10283 	1.70981e-18 	0
0.207508 	4.1046 	1.62584e-18 	0
0.208108 	4.10636 	1.53534e-18 	0
0.208709 	4.10811 	1.44591e-18 	0
0.209309 	4.10986 	1.35848e-18 	0
0.20991 	4.11161 	1.28057e-18 	0
0.210511 	4.11335 	1.20728e-18 	0
0.211111 	4.11508 	1.14472e-18 	0
0.211712 	4.11681 	1.0854e-18 	0
0.212312 	4.11853 	1.03202e-18 	0
0.212913 	4.12025 	9.83397e-19 	0
0.213514 	4.12197 	9.37047e-19 	0
0.214114 	4.12368 	8.95594e-19 	0
0.214715 	4.12539 	8.55225e-19 	0
0.215315 	4.12709 	8.16807e-19 	0
0.215916 	4.12878 	7.79543e-19 	0
0.216517 	4.13048 	7.42807e-19 	0
0.217117 	4.13216 	7.0662e-19 	0
0.217718 	4.13384 	6.70389e-19 	0
0.218318 	4.13552 	6.34079e-19 	0
0.218919 	4.13719 	5.97417e-19 	0
0.21952 	4.13886 	5.60574e-19 	0
0.22012 	4.14052 	5.22875e-19 	0
0.220721 	4.14218 	4.84864e-19 	0
0.221321 	4.14384 	4.46314e-19 	0
0.221922 	4.14549 	4.07107e-19 	0
0.222523 	4.14713 	3.67593e-19 	0
0.223123 	4.14877 	3.27382e-19 	0
0.223724 	4.15041 	2.86904e-19 	0
0.224324 	4.15204 	2.45979e-19 	0
0.224925 	4.15367 	2.04743e-19 	0
0.225526 	4.15529 	1.63362e-19 	0
0.226126 	4.1569 	1.21592e-19 	0
0.226727 	4.15852 	7.97616e-20 	0
0.227327 	4.16013 	3.78314e-20 	0
0.227928 	4.16173 	-4.04875e-21 	0
0.228529 	4.16334 	-4.58952e-20 	0
0.229129 	4.16493 	-8.7471e-20 	0
0.22973 	4.16653 	-1.28954e-19 	0
0.23033 	4.16811 	-1.70288e-19 	0
0.230931 	4.16969 	-2.11331e-19 	0
0.231532 	4.17127 	-2.52231e-19 	0
0.232132 	4.17285 	-2.92621e-19 	0
0.232733 	4.17442 	-3.32761e-19 	0
0.233333 	4.17599 	-3.72506e-19 	0
0.233934 	4.17755 	-4.11725e-19 	0
0.234535 	4.17911 	-4.50696e-19 	0
0.235135 	4.18067 	-4.88921e-19 	0
0.235736 	4.18222 	-5.26816e-19 	0
0.236336 	4.18376 	-5.64201e-19 	0
0.236937 	4.1853 	-6.00949e-19 	0
0.237538 	4.18685 	-6.37403e-19 	0
0.238138 	4.18838 	-6.73012e-19 	0
0.238739 	4.18991 	-7.08256e-19 	0
0.239339 	4.19143 	-7.42946e-19 	0
0.23994 	4.19295 	-7.76956e-19 	0
0.240541 	4.19447 	-8.10655e-19 	0
0.241141 	4.19599 	-8.43484e-19 	0
0.241742 	4.1975 	-8.75938e-19 	0
0.242342 	4.199 	-9.07837e-19 	0
0.242943 	4.20051 	-9.39054e-19 	0
0.243544 	4.20201 	-9.69964e-19 	0
0.244144 	4.2035 	-1.00003e-18 	0
0.244745 	4.20499 	-1.02973e-18 	0
0.245345 	4.20648 	-1.0589e-18 	0
0.245946 	4.20796 	-1.08741e-18 	0
0.246547 	4.20943 	-1.11564e-18 	0
0.247147 	4.21091 	-1.14307e-18 	0
0.247748 	4.21238 	-1.17016e-18 	0
0.248348 	4.21385 	-1.19675e-18 	0
0.248949 	4.21531 	-1.22274e-18 	0
0.24955 	4.21677 	-1.24845e-18 	0
0.25015 	4.21823 	-1.27343e-18 	0
0.250751 	4.21968 	-1.29809e-18 	0
0.251351 	4.22113 	-1.32231e-18 	0
0.251952 	4.22257 	-1.34596e-18 	0
0.252553 	4.22402 	-1.36936e-18 	0
0.253153 	4.22546 	-1.3921e-18 	0
0.253754 	4.22689 	-1.41454e-18 	0
0.254354 	4.22832 	-1.43658e-18 	0
0.254955 	4.22975 	-1.4581e-18 	0
0.255556 	4.23117 	-1.47939e-18 	0
0.256156 	4.23259 	-1.50009e-18 	0
0.256757 	4.234 	-1.52052e-18 	0
0.257357 	4.23541 	-1.54058e-18 	0
0.257958 	4.23682 	-1.56016e-18 	0
0.258559 	4.23823 	-1.57955e-18 	0
0.259159 	4.23963 	-1.59839e-18 	0
0.25976 	4.24103 	-1.61698e-18 	0
0.26036 	4.24243 	-1.63525e-18 	0
0.260961 	4.24381 	-1.65309e-18 	0
0.261562 	4.2452 	-1.67074e-18 	0
0.262162 	4.24658 	-1.68791e-18 	0
0.262763 	4.24796 	-1.70485e-18 	0
0.263363 	4.24935 	-1.72149e-18 	0
0.263964 	4.25072 	-1.73775e-18 	0
0.264565 	4.25209 	-1.75383e-18 	0
0.265165 	4.25345 	-1.76948e-18 	0
0.265766 	4.25481 	-1.78493e-18 	0
0.266366 	4.25618 	-1.80011e-18 	0
0.266967 	4.25753 	-1.81494e-18 	0
0.267568 	4.25888 	-1.82961e-18 	0
0.268168 	4.26023 	-1.84389e-18 	0
0.268769 	4.26157 	-1.85798e-18 	0
0.269369 	4.26292 	-1.87184e-18 	0
0.26997 	4.26426 	-1.88537e-18 	0
0.270571 	4.2656 	-1.89877e-18 	0
0.271171 	4.26692 	-1.91182e-18 	0
0.271772 	4.26825 	-1.92469e-18 	0
0.272372 	4.26958 	-1.93734e-18 	0
0.272973 	4.2709 	-1.9497e-18 	0
0.273574 	4.27222 	-1.96194e-18 	0
0.274174 	4.27353 	-1.97386e-18 	0
0.274775 	4.27484 	-1.98561e-18 	0
0.275375 	4.27615 	-1.99719e-18 	0
0.275976 	4.27745 	-2.00833e-18 	0
0.276577 	4.27876 	-2.0193e-18 	0
0.277177 	4.28006 	-2.0298e-18 	0
0.277778 	4.28136 	-2.04015e-18 	0
0.278378 	4.28265 	-2.05035e-18 	0
0.278979 	4.28394 	-2.06027e-18 	0
0.27958 	4.28522 	-2.07009e-18 	0
0.28018 	4.2865 	-2.07963e-18 	0
0.280781 	4.28778 	-2.08903e-18 	0
0.281381 	4.28906 	-2.09827e-18 	0
0.281982 	4.29033 	-2.10712e-18 	0
0.282583 	4.29159 	-2.11581e-18 	0
0.283183 	4.29286 	-2.1241e-18 	0
0.283784 	4.29413 	-2.13216e-18 	0
0.284384 	4.29539 	-2.13998e-18 	0
0.284985 	4.29664 	-2.14759e-18 	0
0.285586 	4.2979 	-2.15512e-18 	0
0.286186 	4.29915 	-2.16242e-18 	0
0.286787 	4.30039 	-2.16962e-18 	0
0.287387 	4.30164 	-2.17669e-18 	0
0.287988 	4.30288 	-2.18342e-18 	0
0.288589 	4.30411 	-2.19e-18 	0
0.289189 	4.30535 	-2.19624e-18 	0
0.28979 	4.30658 	-2.20228e-18 	0
0.29039 	4.30781 	-2.20812e-18 	0
0.290991 	4.30903 	-2.2138e-18 	0
0.291592 	4.31026 	-2.21941e-18 	0
0.292192 	4.31148 	-2.22487e-18 	0
0.292793 	4.31269 	-2.23014e-18 	0
0.293393 	4.3139 	-2.23522e-18 	0
0.293994 	4.31511 	-2.23999e-18 	0
0.294595 	4.31632 	-2.24465e-18 	0
0.295195 	4.31752 	-2.24901e-18 	0
0.295796 	4.31872 	-2.25319e-18 	0
0.296396 	4.31991 	-2.25719e-18 	0
0.296997 	4.32111 	-2.26108e-18 	0
0.297598 	4.3223 	-2.26488e-18 	0
0.298198 	4.32349 	-2.2684e-18 	0
0.298799 	4.32467 	-2.27176e-18 	0
0.299399 	4.32585 	-2.27495e-18 	0
0.3 	4.32703 	-2.27786e-18 	0
0.300601 	4.32821 	-2.28068e-18 	0
0.301201 	4.32938 	-2.28323e-18 	0
0.301802 	4.33055 	-2.28562e-18 	0
0.302402 	4.33172 	-2.28786e-18 	0
0.303003 	4.33288 	-2.28984e-18 	0
0.303604 	4.33404 	-2.29173e-18 	0
0.304204 	4.3352 	-2.29337e-18 	0
0.304805 	4.33635 	-2.29487e-18 	0
0.305405 	4.3375 	-2.29623e-18 	0
0.306006 	4.33865 	-2.29735e-18 	0
0.306607 	4.33979 	-2.29838e-18 	0
0.307207 	4.34093 	-2.2992e-18 	0
0.307808 	4.34207 	-2.29989e-18 	0
0.308408 	4.34321 	-2.30044e-18 	0
0.309009 	4.34434 	-2.30079e-18 	0
0.30961 	4.34547 	-2.30106e-18 	0
0.31021 	4.3466 	-2.30114e-18 	0
0.310811 	4.34772 	-2.3011e-18 	0
0.311411 	4.34884 	-2.30093e-18 	0
0.312012 	4.34996 	-2.30059e-18 	0
0.312613 	4.35108 	-2.30017e-18 	0
0.313213 	4.35219 	-2.29957e-18 	0
0.313814 	4.3533 	-2.29887e-18 	0
0.314414 	4.35441 	-2.29807e-18 	0
0.315015 	4.35551 	-2.2971e-18 	0
0.315616 	4.35661 	-2.29606e-18 	0
0.316216 	4.35771 	-2.29487e-18 	0
0.316817 	4.3588 	-2.29358e-18 	0
0.317417 	4.35989 	-2.29221e-18 	0
0.318018 	4.36098 	-2.29068e-18 	0
0.318619 	4.36206 	-2.2891e-18 	0
0.319219 	4.36315 	-2.28738e-18 	0
0.31982 	4.36423 	-2.28556e-18 	0
0.32042 	4.36531 	-2.28367e-18 	0
0.321021 	4.36638 	-2.28165e-18 	0
0.321622 	4.36746 	-2.27957e-18 	0
0.322222 	4.36852 	-2.27738e-18 	0
0.322823 	4.36958 	-2.2751e-18 	0
0.323423 	4.37064 	-2.27277e-18 	0
0.324024 	4.3717 	-2.27031e-18 	0
0.324625 	4.37276 	-2.2678e-18 	0
0.325225 	4.37382 	-2.26519e-18 	0
0.325826 	4.37487 	-2.2625e-18 	0
0.326426 	4.37591 	-2.25977e-18 	0
0.327027 	4.37696 	-2.25692e-18 	0
0.327628 	4.378 	-2.25403e-18 	0
0.328228 	4.37904 	-2.25105e-18 	0
0.328829 	4.38008 	-2.24801e-18 	0
0.329429 	4.38111 	-2.24492e-18 	0
0.33003 	4.38214 	-2.24174e-18 	0
0.330631 	4.38316 	-2.23852e-18 	0
0.331231 	4.38419 	-2.23523e-18 	0
0.331832 	4.38521 	-2.23188e-18 	0
0.332432 	4.38623 	-2.22848e-18 	0
0.333033 	4.38724 	-2.225e-18 	0
0.333634 	4.38825 	-2.22149e-18 	0
0.334234 	4.38926 	-2.21792e-18 	0
0.334835 	4.39027 	-2.2143e-18 	0
0.335435 	4.39128 	-2.21064e-18 	0
0.336036 	4.39228 	-2.20691e-18 	0
0.336637 	4.39328 	-2.20315e-18 	0
0.337237 	4.39427 	-2.19934e-18 	0
0.337838 	4.39527 	-2.19549e-18 	0
0.338438 	4.39626 	-2.19161e-18 	0
0.339039 	4.39724 	-2.18766e-18 	0
0.33964 	4.39823 	-2.18369e-18 	0
0.34024 	4.39921 	-2.17967e-18 	0
0.340841 	4.40018 	-2.17562e-18 	0
0.341441 	4.40116 	-2.17154e-18 	0
0.342042 	4.40213 	-2.16741e-18 	0
0.342643 	4.4031 	-2.16326e-18 	0
0.343243 	4.40407 	-2.15907e-18 	0
0.343844 	4.40503 	-2.15485e-18 	0
0.344444 	4.40599 	-2.15061e-18 	0
0.345045 	4.40695 	-2.14632e-18 	0
0.345646 	4.4079 	-2.14202e-18 	0
0.346246 	4.40885 	-2.13768e-18 	0
0.346847 	4.4098 	-2.13332e-18 	0
0.347447 	4.41075 	-2.12894e-18 	0
0.348048 	4.41169 	-2.12453e-18 	0
0.348649 	4.41263 	-2.1201e-18 	0
0.349249 	4.41357 	-2.11564e-18 	0
0.34985 	4.4145 	-2.11116e-18 	0
0.35045 	4.41543 	-2.10666e-18 	0
0.351051 	4.41636 	-2.10214e-18 	0
0.351652 	4.41729 	-2.09761e-18 	0
0.352252 	4.41821 	-2.09305e-18 	0
0.352853 	4.41913 	-2.08847e-18 	0
0.353453 	4.42005 	-2.08389e-18 	0
0.354054 	4.42096 	-2.07927e-18 	0
0.354655 	4.42187 	-2.07465e-18 	0
0.355255 	4.42278 	-2.07001e-18 	0
0.355856 	4.42368 	-2.06536e-18 	0
0.356456 	4.42458 	-2.06069e-18 	0
0.357057 	4.42549 	-2.056e-18 	0
0.357658 	4.42638 	-2.05131e-18 	0
0.358258 	4.42728 	-2.04661e-18 	0
0.358859 	4.42817 	-2.04189e-18 	0
0.359459 	4.42906 	-2.03717e-18 	0
0.36006 	4.42994 	-2.03243e-18 	0
0.360661 	4.43082 	-2.02768e-18 	0
0.361261 	4.4317 	-2.02292e-18 	0
0.361862 	4.43258 	-2.01815e-18 	0
0.362462 	4.43346 	-2.01338e-18 	0
0.363063 	4.43432 	-2.00859e-18 	0
0.363664 	4.43519 	-2.0038e-18 	0
0.364264 	4.43605 	-1.999e-18 	0
0.364865 	4.43691 	-1.9942e-18 	0
0.365465 	4.43777 	-1.9894e-18 	0
0.366066 	4.43863 	-1.98457e-18 	0
0.366667 	4.43948 	-1.97975e-18 	0
0.367267 	4.44033 	-1.97492e-18 	0
0.367868 	4.44118 	-1.97009e-18 	0
0.368468 	4.44203 	-1.96525e-18 	0
0.369069 	4.44286 	-1.96041e-18 	0
0.36967 	4.4437 	-1.95557e-18 	0
0.37027 	4.44453 	-1.95072e-18 	0
0.370871 	4.44537 	-1.94586e-18 	0
0.371471 	4.4462 	-1.94101e-18 	0
0.372072 	4.44702 	-1.93615e-18 	0
0.372673 	4.44784 	-1.93128e-18 	0
0.373273 	4.44866 	-1.92642e-18 	0
0.373874 	4.44948 	-1.92156e-18 	0
0.374474 	4.4503 	-1.91669e-18 	0
0.375075 	4.45111 	-1.91182e-18 	0
0.375676 	4.45192 	-1.90695e-18 	0
0.376276 	4.45272 	-1.90207e-18 	0
0.376877 	4.45352 	-1.8972e-18 	0
0.377477 	4.45432 	-1.89232e-18 	0
0.378078 	4.45511 	-1.88745e-18 	0
0.378679 	4.45591 	-1.88257e-18 	0
0.379279 	4.4567 	-1.87769e-18 	0
0.37988 	4.45749 	-1.87282e-18 	0
0.38048 	4.45827 	-1.86794e-18 	0
0.381081 	4.45905 	-1.86306e-18 	0
0.381682 	4.45982 	-1.85818e-18 	0
0.382282 	4.4606 	-1.85331e-18 	0
0.382883 	4.46137 	-1.84843e-18 	0
0.383483 	4.46214 	-1.84356e-18 	0
0.384084 	4.46291 	-1.83869e-18 	0
0.384685 	4.46367 	-1.83381e-18 	0
0.385285 	4.46443 	-1.82893e-18 	0
0.385886 	4.46519 	-1.82406e-18 	0
0.386486 	4.46594 	-1.81919e-18 	0
0.387087 	4.46669 	-1.81432e-18 	0
0.387688 	4.46743 	-1.80945e-18 	0
0.388288 	4.46818 	-1.80458e-18 	0
0.388889 	4.46892 	-1.79972e-18 	0
0.389489 	4.46966 	-1.79486e-18 	0
0.39009 	4.47039 	-1.78999e-18 	0
0.390691 	4.47112 	-1.78513e-18 	0
0.391291 	4.47186 	-1.78027e-18 	0
0.391892 	4.47258 	-1.77541e-18 	0
0.392492 	4.4733 	-1.77055e-18 	0
0.393093 	4.47402 	-1.7657e-18 	0
0.393694 	4.47474 	-1.76084e-18 	0
0.394294 	4.47545 	-1.75599e-18 	0
0.394895 	4.47616 	-1.75114e-18 	0
0.395495 	4.47686 	-1.7463e-18 	0
0.396096 	4.47757 	-1.74145e-18 	0
0.396697 	4.47827 	-1.7366e-18 	0
0.397297 	4.47896 	-1.73176e-18 	0
0.397898 	4.47966 	-1.72693e-18 	0
0.398498 	4.48035 	-1.72209e-18 	0
0.399099 	4.48103 	-1.71726e-18 	0
0.3997 	4.48172 	-1.71242e-18 	0
0.4003 	4.4824 	-1.7076e-18 	0
0.400901 	4.48308 	-1.70277e-18 	0
0.401502 	4.48375 	-1.69794e-18 	0
0.402102 	4.48442 	-1.69312e-18 	0
0.402703 	4.48509 	-1.68829e-18 	0
0.403303 	4.48575 	-1.68348e-18 	0
0.403904 	4.48641 	-1.67866e-18 	0
0.404505 	4.48707 	-1.67384e-18 	0
0.405105 	4.48773 	-1.66903e-18 	0
0.405706 	4.48838 	-1.66422e-18 	0
0.406306 	4.48903 	-1.65941e-18 	0
0.406907 	4.48968 	-1.65461e-18 	0
0.407508 	4.49032 	-1.64981e-18 	0
0.408108 	4.49095 	-1.64501e-18 	0
0.408709 	4.49159 	-1.6402e-18 	0
0.409309 	4.49222 	-1.63541e-18 	0
0.40991 	4.49285 	-1.63062e-18 	0
0.410511 	4.49347 	-1.62583e-18 	0
0.411111 	4.4941 	-1.62104e-18 	0
0.411712 	4.49472 	-1.61625e-18 	0
0.412312 	4.49533 	-1.61147e-18 	0
0.412913 	4.49594 	-1.60668e-18 	0
0.413514 	4.49654 	-1.6019e-18 	0
0.414114 	4.49715 	-1.59713e-18 	0
0.414715 	4.49775 	-1.59236e-18 	0
0.415315 	4.49835 	-1.58759e-18 	0
0.415916 	4.49894 	-1.58282e-18 	0
0.416517 	4.49954 	-1.57805e-18 	0
0.417117 	4.50012 	-1.57328e-18 	0
0.417718 	4.50071 	-1.56852e-18 	0
0.418318 	4.50129 	-1.56376e-18 	0
0.418919 	4.50186 	-1.559e-18 	0
0.41952 	4.50244 	-1.55425e-18 	0
0.42012 	4.50301 	-1.54949e-18 	0
0.420721 	4.50358 	-1.54474e-18 	0
0.421321 	4.50413 	-1.53999e-18 	0
0.421922 	4.50469 	-1.53525e-18 	0
0.422523 	4.50525 	-1.5305e-18 	0
0.423123 	4.5058 	-1.52576e-18 	0
0.423724 	4.50635 	-1.52102e-18 	0
0.424324 	4.5069 	-1.51629e-18 	0
0.424925 	4.50744 	-1.51155e-18 	0
0.425526 	4.50798 	-1.50682e-18 	0
0.426126 	4.50851 	-1.50209e-18 	0
0.426727 	4.50904 	-1.49737e-18 	0
0.427327 	4.50957 	-1.49264e-18 	0
0.427928 	4.51009 	-1.48792e-18 	0
0.428529 	4.51061 	-1.4832e-18 	0
0.429129 	4.51113 	-1.47848e-18 	0
0.42973 	4.51164 	-1.47377e-18 	0
0.43033 	4.51215 	-1.46905e-18 	0
0.430931 	4.51265 	-1.46434e-18 	0
0.431532 	4.51316 	-1.45963e-18 	0
0.432132 	4.51365 	-1.45493e-18 	0
0.432733 	4.51415 	-1.45023e-18 	0
0.433333 	4.51463 	-1.44553e-18 	0
0.433934 	4.51512 	-1.44083e-18 	0
0.434535 	4.51561 	-1.43613e-18 	0
0.435135 	4.51609 	-1.43144e-18 	0
0.435736 	4.51656 	-1.42675e-18 	0
0.436336 	4.51703 	-1.42206e-18 	0
0.436937 	4.5175 	-1.41737e-18 	0
0.437538 	4.51797 	-1.41269e-18 	0
0.438138 	4.51842 	-1.40801e-18 	0
0.438739 	4.51888 	-1.40333e-18 	0
0.439339 	4.51933 	-1.39865e-18 	0
0.43994 	4.51978 	-1.39398e-18 	0
0.440541 	4.52023 	-1.38932e-18 	0
0.441141 	4.52067 	-1.38465e-18 	0
0.441742 	4.5211 	-1.37998e-18 	0
0.442342 	4.52154 	-1.37532e-18 	0
0.442943 	4.52196 	-1.37066e-18 	0
0.443544 	4.52239 	-1.366e-18 	0
0.444144 	4.52281 	-1.36135e-18 	0
0.444745 	4.52323 	-1.3567e-18 	0
0.445345 	4.52363 	-1.35205e-18 	0
0.445946 	4.52404 	-1.3474e-18 	0
0.446547 	4.52445 	-1.34276e-18 	0
0.447147 	4.52485 	-1.33812e-18 	0
0.447748 	4.52525 	-1.33349e-18 	0
0.448348 	4.52564 	-1.32885e-18 	0
0.448949 	4.52603 	-1.32422e-18 	0
0.44955 	4.52641 	-1.31959e-18 	0
0.45015 	4.5268 	-1.31497e-18 	0
0.450751 	4.52718 	-1.31035e-18 	0
0.451351 	4.52755 	-1.30573e-18 	0
0.451952 	4.52791 	-1.30112e-18 	0
0.452553 	4.52827 	-1.29651e-18 	0
0.453153 	4.52863 	-1.29189e-18 	0
0.453754 	4.52899 	-1.28729e-18 	0
0.454354 	4.52934 	-1.28269e-18 	0
0.454955 	4.52969 	-1.27809e-18 	0
0.455556 	4.53003 	-1.2735e-18 	0
0.456156 	4.53037 	-1.26891e-18 	0
0.456757 	4.5307 	-1.26432e-18 	0
0.457357 	4.53103 	-1.25973e-18 	0
0.457958 	4.53136 	-1.25515e-18 	0
0.458559 	4.53168 	-1.25057e-18 	0
0.459159 	4.532 	-1.246e-18 	0
0.45976 	4.53232 	-1.24144e-18 	0
0.46036 	4.53263 	-1.23687e-18 	0
0.460961 	4.53293 	-1.23231e-18 	0
0.461562 	4.53323 	-1.22774e-18 	0
0.462162 	4.53352 	-1.22319e-18 	0
0.462763 	4.53382 	-1.21864e-18 	0
0.463363 	4.5341 	-1.2141e-18 	0
0.463964 	4.53438 	-1.20956e-18 	0
0.464565 	4.53466 	-1.20502e-18 	0
0.465165 	4.53494 	-1.20049e-18 	0
0.465766 	4.53521 	-1.19597e-18 	0
0.466366 	4.53547 	-1.19144e-18 	0
0.466967 	4.53573 	-1.18692e-18 	0
0.467568 	4.53599 	-1.1824e-18 	0
0.468168 	4.53624 	-1.1779e-18 	0
0.468769 	4.53649 	-1.17339e-18 	0
0.469369 	4.53673 	-1.16889e-18 	0
0.46997 	4.53697 	-1.16439e-18 	0
0.470571 	4.53721 	-1.1599e-18 	0
0.471171 	4.53744 	-1.15542e-18 	0
0.471772 	4.53766 	-1.15095e-18 	0
0.472372 	4.53787 	-1.14647e-18 	0
0.472973 	4.53809 	-1.142e-18 	0
0.473574 	4.53831 	-1.13753e-18 	0
0.474174 	4.53851 	-1.13308e-18 	0
0.474775 	4.53871 	-1.12862e-18 	0
0.475375 	4.53891 	-1.12417e-18 	0
0.475976 	4.5391 	-1.11973e-18 	0
0.476577 	4.53929 	-1.11529e-18 	0
0.477177 	4.53947 	-1.11086e-18 	0
0.477778 	4.53965 	-1.10644e-18 	0
0.478378 	4.53982 	-1.10202e-18 	0
0.478979 	4.53999 	-1.0976e-18 	0
0.47958 	4.54016 	-1.0932e-18 	0
0.48018 	4.54032 	-1.0888e-18 	0
0.480781 	4.54047 	-1.08441e-18 	0
0.481381 	4.54062 	-1.08002e-18 	0
0.481982 	4.54077 	-1.07564e-18 	0
0.482583 	4.54091 	-1.07126e-18 	0
0.483183 	4.54105 	-1.06689e-18 	0
0.483784 	4.54118 	-1.06253e-18 	0
0.484384 	4.54131 	-1.05818e-18 	0
0.484985 	4.54143 	-1.05383e-18 	0
0.485586 	4.54155 	-1.04948e-18 	0
0.486186 	4.54166 	-1.04515e-18 	0
0.486787 	4.54177 	-1.04083e-18 	0
0.487387 	4.54187 	-1.03651e-18 	0
0.487988 	4.54197 	-1.0322e-18 	0
0.488589 	4.54206 	-1.0279e-18 	0
0.489189 	4.54215 	-1.0236e-18 	0
0.48979 	4.54224 	-1.01931e-18 	0
0.49039 	4.54232 	-1.01503e-18 	0
0.490991 	4.54239 	-1.01075e-18 	0
0.491592 	4.54246 	-1.00648e-18 	0
0.492192 	4.54253 	-1.00221e-18 	0
0.492793 	4.54259 	-9.97945e-19 	0
0.493393 	4.54264 	-9.93689e-19 	0
0.493994 	4.54269 	-9.89444e-19 	0
0.494595 	4.54274 	-9.85203e-19 	0
0.495195 	4.54278 	-9.80974e-19 	0
0.495796 	4.54281 	-9.7675e-19 	0
0.496396 	4.54284 	-9.72531e-19 	0
0.496997 	4.54287 	-9.68319e-19 	0
0.497598 	4.54289 	-9.64111e-19 	0
0.498198 	4.54291 	-9.59911e-19 	0
0.498799 	4.54292 	-9.55717e-19 	0
0.499399 	4.54293 	-9.51528e-19 	0
0.5 	4.54293 	-9.47348e-19 	0
