# y_plus_values_1, u_plus_values_1
0.321736, 0.322061
0.965210, 0.965322
1.608682, 1.608150
2.252155, 2.249204
2.895628, 2.888550
3.539101, 3.524550
4.182574, 4.150152
4.826047, 4.770421
5.469531, 5.356485
6.113004, 5.923882
6.756477, 6.455625
7.399950, 6.943732
8.043423, 7.410231
8.686896, 7.814522
9.330369, 8.199538
9.973841, 8.548386
10.617314, 8.865779
11.260777, 9.167865
11.904250, 9.432896
12.547723, 9.687054
13.191196, 9.921284
13.834668, 10.138199
14.478141, 10.346715
15.121614, 10.534743
15.765087, 10.716564
16.408560, 10.887138
17.052033, 11.047491
17.695506, 11.202944
18.338979, 11.346170
18.982452, 11.485429
19.625925, 11.617782
20.269398, 11.743554
20.912871, 11.866245
21.556344, 11.980910
22.199817, 12.092915
22.843290, 12.200346
23.486763, 12.303250
24.130236, 12.404008
24.773709, 12.499212
25.417182, 12.592549
26.060655, 12.682620
26.704128, 12.769423
27.347600, 12.854640
27.991073, 12.935890
28.634546, 13.015647
29.278019, 13.093024
29.921492, 13.167927
30.564965, 13.241663
31.208438, 13.312366
31.851911, 13.381949
32.495384, 13.449712
33.138857, 13.515515
33.782330, 13.580384
34.425803, 13.642920
35.069276, 13.704523
35.712749, 13.764725
36.356222, 13.823341
36.999695, 13.881257
37.643168, 13.937259
38.286641, 13.992515
38.930114, 14.046650
39.573587, 14.099479
40.217060, 14.151748
40.860532, 14.202430
41.504005, 14.252552
42.147478, 14.301648
42.790951, 14.349716
43.434424, 14.397318
44.077897, 14.443614
44.721370, 14.489396
45.364843, 14.534431
46.008316, 14.578486
46.651789, 14.622168
47.295262, 14.664776
47.938735, 14.706918
48.582208, 14.748407
49.225681, 14.789102
49.869154, 14.829423
50.512627, 14.868905
51.156100, 14.907920
51.799573, 14.946422
52.443046, 14.984223
53.086519, 15.021745
53.730099, 15.058426
54.373572, 15.094781
55.017045, 15.130716
55.660517, 15.165951
56.303990, 15.200952
56.947463, 15.235300
57.590936, 15.269322
58.234409, 15.302923
58.877882, 15.336058
59.521355, 15.368913
60.164828, 15.401161
60.808301, 15.433129
61.451774, 15.464723
62.095247, 15.495898
62.738720, 15.526793
63.382193, 15.557221
64.025666, 15.587322
64.669139, 15.617143
65.312612, 15.646591
65.956085, 15.675806
66.599558, 15.704553
67.243031, 15.733115
67.886504, 15.761349
68.529977, 15.789210
69.173449, 15.816931
69.816922, 15.844186
70.460395, 15.871254
71.103868, 15.898088
71.747341, 15.924549
72.390814, 15.950917
73.034287, 15.976865
73.677760, 16.002626
74.321233, 16.028154
74.964706, 16.053401
75.608179, 16.078462
76.251652, 16.103244
76.895125, 16.127791
77.538598, 16.152152
78.182071, 16.176233
78.825544, 16.200221
79.469017, 16.223835
80.112490, 16.247356
80.755963, 16.270644
81.399436, 16.293698
82.042909, 16.316659
82.686381, 16.339293
83.329854, 16.361788
83.973327, 16.384095
84.616800, 16.406170
85.260273, 16.428197
85.903746, 16.449945
86.547219, 16.471552
87.190692, 16.492973
87.834165, 16.514207
88.477638, 16.535348
89.121111, 16.556209
89.764584, 16.576977
90.408057, 16.597558
91.051530, 16.617998
91.695003, 16.638299
92.338476, 16.658414
92.981949, 16.678388
93.625422, 16.698269
94.268895, 16.717963
94.912368, 16.737517
95.555841, 16.756884
96.199313, 16.776158
96.842786, 16.795339
97.486259, 16.814287
98.129732, 16.833188
98.773205, 16.851902
99.416678, 16.870522
100.060151, 16.889050
100.703624, 16.907344
101.347097, 16.925591
101.990570, 16.943699
102.634043, 16.961713
103.277516, 16.979587
103.920989, 16.997321
104.564462, 17.015009
105.207935, 17.032509
105.851408, 17.049917
106.494881, 17.067231
107.138354, 17.084405
107.782255, 17.101532
108.425085, 17.118473
109.068987, 17.135367
109.711817, 17.152168
110.355718, 17.168782
110.999620, 17.185396
111.642450, 17.201823
112.286352, 17.218204
112.929182, 17.234491
113.573083, 17.250638
114.216985, 17.266739
114.859815, 17.282700
115.503716, 17.298614
116.146546, 17.314434
116.790448, 17.330162
117.434349, 17.345796
118.077180, 17.361290
118.721081, 17.376737
119.363911, 17.392091
120.007813, 17.407398
120.651714, 17.422612
121.294544, 17.437686
121.938446, 17.452714
122.581276, 17.467648
123.225177, 17.482488
123.869079, 17.497329
124.511909, 17.512029
125.155811, 17.526637
125.798641, 17.541197
126.442542, 17.555665
127.086444, 17.570085
127.729274, 17.584412
128.373175, 17.598646
129.016005, 17.612880
129.659907, 17.626974
130.303808, 17.641021
130.946639, 17.654975
131.590540, 17.668836
132.233370, 17.682697
132.877272, 17.696464
133.521173, 17.710138
134.164003, 17.723765
134.807905, 17.737299
135.450735, 17.750833
136.094637, 17.764227
136.738538, 17.777621
137.381368, 17.790921
138.025270, 17.804175
138.668100, 17.817336
139.312001, 17.830449
139.955903, 17.843470
140.598733, 17.856491
141.242634, 17.869418
141.885465, 17.882298
142.529366, 17.895086
143.173268, 17.907873
143.816098, 17.920567
144.459999, 17.933214
145.102829, 17.945814
145.746731, 17.958321
146.390632, 17.970829
147.033462, 17.983243
147.677364, 17.995563
148.320194, 18.007884
148.964096, 18.020157
149.607997, 18.032338
150.250827, 18.044518
150.894729, 18.056606
151.537559, 18.068646
152.181460, 18.080593
152.825362, 18.092587
153.468192, 18.104488
154.112093, 18.116341
154.754924, 18.128149
155.398825, 18.139862
156.042727, 18.151576
156.685557, 18.163197
157.329458, 18.174817
157.972288, 18.186391
158.616190, 18.197918
159.260091, 18.209399
159.902921, 18.220786
160.546823, 18.232126
161.189653, 18.243467
161.833555, 18.254761
162.477456, 18.266008
163.120286, 18.277162
163.764188, 18.288315
164.407018, 18.299469
165.050919, 18.310483
165.694821, 18.321543
166.337651, 18.332511
166.981552, 18.343431
167.624383, 18.354351
168.268284, 18.365179
168.912186, 18.376006
169.555016, 18.386740
170.198917, 18.397473
170.841747, 18.408207
171.485649, 18.418848
172.129550, 18.429488
172.772380, 18.440035
173.416282, 18.450536
174.059112, 18.461036
174.703014, 18.471490
175.346915, 18.481944
175.989745, 18.492304
176.633647, 18.502618
177.276477, 18.512931
177.920378, 18.523199
178.564280, 18.533466
179.207110, 18.543639
179.851012, 18.553813
180.493842, 18.563940
181.137743, 18.574021
181.781645, 18.584101
182.424475, 18.594088
183.068376, 18.604075
183.711206, 18.614016
184.355108, 18.623956
184.999009, 18.633850
185.641840, 18.643650
186.285741, 18.653451
186.928571, 18.663251
187.572473, 18.673005
188.216374, 18.682759
188.859204, 18.692419
189.503106, 18.702033
190.145936, 18.711646
190.789837, 18.721260
191.433739, 18.730827
192.076569, 18.740301
192.720471, 18.749775
193.363301, 18.759248
194.007202, 18.768676
194.651104, 18.778103
195.293934, 18.787436
195.937835, 18.796817
196.580665, 18.806150
197.224567, 18.815391
197.868468, 18.824631
198.511299, 18.833825
199.155200, 18.843019
199.798030, 18.852212
200.441932, 18.861313
201.085833, 18.870413
201.728663, 18.879467
202.372565, 18.888521
203.015395, 18.897574
203.659296, 18.906535
204.303198, 18.915495
204.946028, 18.924409
205.589930, 18.933322
206.232760, 18.942236
206.876661, 18.951057
207.520563, 18.959877
208.163393, 18.968651
208.807294, 18.977424
209.450124, 18.986198
210.094026, 18.994878
210.737927, 19.003559
211.380758, 19.012192
212.024659, 19.020873
212.667489, 19.029507
213.311391, 19.038047
213.955292, 19.046634
214.598122, 19.055128
215.242024, 19.063621
215.885925, 19.072115
216.528756, 19.080562
217.172657, 19.089009
217.815487, 19.097409
218.459389, 19.105810
219.103290, 19.114163
219.746120, 19.122517
220.390022, 19.130824
221.032852, 19.139084
221.676753, 19.147345
222.320655, 19.155605
222.963485, 19.163819
223.607387, 19.171986
224.250217, 19.180153
224.894118, 19.188320
225.538020, 19.196440
226.180850, 19.204514
226.824751, 19.212588
227.467581, 19.220615
228.111483, 19.228642
228.755384, 19.236669
229.398215, 19.244649
230.042116, 19.252629
230.684946, 19.260563
231.328848, 19.268450
231.972749, 19.276384
232.615579, 19.284224
233.259481, 19.292064
233.902311, 19.299905
234.546212, 19.307698
235.190114, 19.315492
235.832944, 19.323239
236.476846, 19.330986
237.119676, 19.338733
237.763577, 19.346433
238.407479, 19.354087
239.050309, 19.361740
239.694210, 19.369394
240.337040, 19.377001
240.980942, 19.384608
241.624843, 19.392168
242.267674, 19.399682
242.911575, 19.407242
243.554405, 19.414756
244.198307, 19.422223
244.842208, 19.429737
245.485038, 19.437157
246.128940, 19.444624
246.771770, 19.451998
247.415671, 19.459371
248.059573, 19.466745
248.702403, 19.474119
249.346305, 19.481446
249.989135, 19.488772
250.633036, 19.496053
251.276938, 19.503333
251.919768, 19.510613
252.563669, 19.517847
253.206500, 19.525034
253.850401, 19.532221
254.494303, 19.539455
255.137133, 19.546595
255.781034, 19.553735
256.423864, 19.560829
257.067766, 19.567922
257.711667, 19.575016
258.354497, 19.582110
258.998399, 19.589157
259.641229, 19.596157
260.285131, 19.603204
260.929032, 19.610204
261.571862, 19.617158
262.215764, 19.624112
262.858594, 19.631065
263.502495, 19.637972
264.146397, 19.644832
264.789227, 19.651739
265.433128, 19.658600
266.075959, 19.665460
266.719860, 19.672274
267.363762, 19.679087
268.006592, 19.685901
268.650493, 19.692668
269.293323, 19.699435
269.937225, 19.706155
270.581126, 19.712922
271.223956, 19.719642
271.867858, 19.726316
272.510688, 19.732989
273.154590, 19.739663
273.798491, 19.746290
274.441321, 19.752917
275.085223, 19.759497
275.728053, 19.766077
276.371954, 19.772658
277.015856, 19.779238
277.658686, 19.785772
278.302587, 19.792305
278.945418, 19.798839
279.589319, 19.805279
280.233221, 19.811766
280.876051, 19.818206
281.519952, 19.824647
282.162782, 19.831134
282.806684, 19.837527
283.450585, 19.843921
284.093415, 19.850268
284.737317, 19.856615
285.380147, 19.863008
286.024049, 19.869308
286.667950, 19.875609
287.310780, 19.881909
287.954682, 19.888163
288.597512, 19.894463
289.241413, 19.900716
289.885315, 19.906970
290.528145, 19.913130
291.172047, 19.919337
291.814877, 19.925544
292.458778, 19.931704
293.102680, 19.937865
293.745510, 19.943978
294.389411, 19.950092
295.032241, 19.956205
295.676143, 19.962272
296.320044, 19.968386
296.962875, 19.974453
297.606776, 19.980520
298.249606, 19.986540
298.893508, 19.992560
299.537409, 19.998534
300.180239, 20.004508
300.824141, 20.010481
301.466971, 20.016455
302.110872, 20.022382
302.754774, 20.028262
303.397604, 20.034189
304.041506, 20.040116
304.684336, 20.045996
305.328237, 20.051829
305.972139, 20.057710
306.614969, 20.063543
307.258870, 20.069330
307.901700, 20.075164
308.545602, 20.080951
309.189503, 20.086691
309.832334, 20.092478
310.476235, 20.098218
311.119065, 20.103958
311.762967, 20.109652
312.406868, 20.115392
313.049698, 20.121086
313.693600, 20.126733
314.336430, 20.132380
314.980331, 20.138026
315.624233, 20.143673
316.267063, 20.149274
316.910965, 20.154874
317.553795, 20.160427
318.197696, 20.166028
318.841598, 20.171581
319.484428, 20.177135
320.128329, 20.182642
320.771159, 20.188149
321.415061, 20.193655
322.058962, 20.199162
322.701793, 20.204623
323.345694, 20.210083
323.988524, 20.215543
324.632426, 20.220957
325.276327, 20.226370
325.919157, 20.231784
326.563059, 20.237151
327.205889, 20.242518
327.849791, 20.247884
328.493692, 20.253205
329.136522, 20.258525
329.780424, 20.263845
330.423254, 20.269165
331.067155, 20.274439
331.711057, 20.279712
332.353887, 20.284986
332.997788, 20.290213
333.640619, 20.295440
334.284520, 20.300667
334.928422, 20.305894
335.571252, 20.311074
336.215153, 20.316254
336.857983, 20.321434
337.501885, 20.326568
338.145786, 20.331701
338.788616, 20.336835
339.432518, 20.341922
340.075348, 20.347009
340.719250, 20.352095
341.363151, 20.357136
342.005981, 20.362223
342.649883, 20.367263
343.292713, 20.372303
343.936614, 20.377297
344.580516, 20.382337
345.223346, 20.387284
345.867247, 20.392230
346.510078, 20.397177
347.153979, 20.402124
347.797881, 20.407071
348.440711, 20.412018
349.084612, 20.416918
349.727442, 20.421772
350.371344, 20.426672
351.015245, 20.431525
351.658075, 20.436379
352.301977, 20.441233
352.944807, 20.446039
353.588709, 20.450846
354.232610, 20.455606
354.875440, 20.460413
355.519342, 20.465174
356.162172, 20.469934
356.806073, 20.474647
357.449975, 20.479361
358.092805, 20.484074
358.736706, 20.488788
359.379537, 20.493501
360.023438, 20.498168
360.667340, 20.502835
361.310170, 20.507455
361.954071, 20.512122
362.596901, 20.516742
363.240803, 20.521316
363.884704, 20.525936
364.527534, 20.530510
365.171436, 20.535036
365.814266, 20.539610
366.458168, 20.544137
367.102069, 20.548664
367.744899, 20.553191
368.388801, 20.557671
369.031631, 20.562151
369.675532, 20.566631
370.319434, 20.571065
370.962264, 20.575498
371.606166, 20.579932
372.248996, 20.584365
372.892897, 20.588752
373.536799, 20.593139
374.179629, 20.597526
374.823530, 20.601866
375.466360, 20.606206
376.110262, 20.610546
376.754163, 20.614886
377.396994, 20.619180
378.040895, 20.623474
378.683725, 20.627767
379.327627, 20.632014
379.971528, 20.636261
380.614358, 20.640508
381.258260, 20.644708
381.901090, 20.648908
382.544991, 20.653155
383.188893, 20.657308
383.831723, 20.661508
384.475625, 20.665662
385.118455, 20.669815
385.762356, 20.673922
386.406258, 20.678029
387.049088, 20.682136
387.692989, 20.686243
388.335819, 20.690350
388.979721, 20.694363
389.623622, 20.698423
390.266453, 20.702437
390.910354, 20.706450
391.553184, 20.710464
392.197086, 20.714477
392.840987, 20.718444
393.483817, 20.722411
394.127719, 20.726378
394.770549, 20.730345
395.414450, 20.734218
396.058352, 20.738138
396.701182, 20.742012
397.345084, 20.745932
397.987914, 20.749805
398.631815, 20.753632
399.275717, 20.757459
399.918547, 20.761286
400.562448, 20.765113
401.205278, 20.768940
401.849180, 20.772720
402.493081, 20.776500
403.135912, 20.780233
403.779813, 20.783967
404.422643, 20.787700
405.066545, 20.791387
405.710446, 20.795121
406.353276, 20.798808
406.997178, 20.802494
407.640008, 20.806135
408.283910, 20.809775
408.927811, 20.813368
409.570641, 20.817008
410.214543, 20.820602
410.857373, 20.824195
411.501274, 20.827789
412.145176, 20.831336
412.788006, 20.834882
413.431907, 20.838429
414.074738, 20.841929
414.718639, 20.845430
415.362541, 20.848883
416.005371, 20.852383
416.649272, 20.855837
417.292102, 20.859290
417.936004, 20.862697
418.579905, 20.866104
419.222735, 20.869557
419.866637, 20.872917
420.509467, 20.876277
421.153369, 20.879638
421.797270, 20.882998
422.440100, 20.886311
423.084002, 20.889625
423.726832, 20.892892
424.370733, 20.896205
425.014635, 20.899472
425.657465, 20.902692
426.301366, 20.905959
426.944197, 20.909179
427.588098, 20.912352
428.232000, 20.915572
428.874830, 20.918746
429.518731, 20.921919
430.162633, 20.925046
430.805463, 20.928173
431.449364, 20.931300
432.092194, 20.934380
432.736096, 20.937460
433.379997, 20.940540
434.022828, 20.943620
434.666729, 20.946654
435.309559, 20.949687
435.953461, 20.952721
436.597362, 20.955707
437.240192, 20.958648
437.884094, 20.961634
438.526924, 20.964575
439.170825, 20.967515
439.814727, 20.970408
440.457557, 20.973348
441.101459, 20.976242
441.744289, 20.979088
442.388190, 20.981935
443.032092, 20.984735
443.674922, 20.987582
444.318823, 20.990382
444.961654, 20.993182
445.605555, 20.995936
446.249457, 20.998736
446.892287, 21.001443
447.536188, 21.004196
448.179018, 21.006903
448.822920, 21.009563
449.466821, 21.012270
450.109651, 21.014930
450.753553, 21.017590
451.396383, 21.020157
452.040285, 21.022770
452.684186, 21.025384
453.327016, 21.027951
453.970918, 21.030517
454.613748, 21.033084
455.257649, 21.035604
455.901551, 21.038124
456.544381, 21.040598
457.188282, 21.043071
457.831113, 21.045545
458.475014, 21.047971
459.118916, 21.050398
459.761746, 21.052825
460.405647, 21.055205
461.048477, 21.057585
461.692379, 21.059919
462.336280, 21.062299
462.979110, 21.064585
463.623012, 21.066919
464.265842, 21.069159
464.909744, 21.071446
465.553645, 21.073732
466.196475, 21.075973
466.840377, 21.078166
467.483207, 21.080359
468.127108, 21.082553
468.771010, 21.084746
469.413840, 21.086846
470.057741, 21.088993
470.700572, 21.091093
471.344473, 21.093193
471.988375, 21.095293
472.631205, 21.097347
473.275106, 21.099354
473.917936, 21.101407
474.561838, 21.103367
475.205739, 21.105374
475.848569, 21.107334
476.492471, 21.109294
477.135301, 21.111161
477.779203, 21.113074
478.423104, 21.114988
479.065934, 21.116854
479.709836, 21.118721
480.352666, 21.120541
480.996567, 21.122361
481.640469, 21.124135
482.283299, 21.125955
482.927201, 21.127728
483.570031, 21.129455
484.213932, 21.131135
484.857834, 21.132815
485.500664, 21.134495
486.144565, 21.136175
486.787395, 21.137808
487.431297, 21.139442
488.075198, 21.141029
488.718029, 21.142615
489.361930, 21.144155
490.004760, 21.145695
490.648662, 21.147236
491.292563, 21.148729
491.935393, 21.150222
492.579295, 21.151716
493.222125, 21.153162
493.866026, 21.154563
494.509928, 21.155963
495.152758, 21.157316
495.796660, 21.158716
496.439490, 21.160023
497.083391, 21.161329
497.727293, 21.162636
498.370123, 21.163943
499.014024, 21.165203
499.656854, 21.166416
500.300756, 21.167630
500.944657, 21.168843
501.587488, 21.170010
502.231389, 21.171177
502.874219, 21.172297
503.518121, 21.173417
504.162022, 21.174537
504.804852, 21.175610
505.448754, 21.176637
506.091584, 21.177617
506.735485, 21.178644
507.379387, 21.179670
508.022217, 21.180604
508.666119, 21.181537
509.308949, 21.182470
509.952850, 21.183357
510.596752, 21.184244
511.239582, 21.185084
511.883483, 21.185924
512.526313, 21.186717
513.170215, 21.187511
513.814116, 21.188304
514.456947, 21.189051
515.100848, 21.189751
515.743678, 21.190451
516.387580, 21.191151
517.031481, 21.191804
517.674311, 21.192457
518.318213, 21.193064
518.961043, 21.193671
519.604944, 21.194231
520.248846, 21.194791
520.891676, 21.195304
521.535578, 21.195818
522.178408, 21.196284
522.822309, 21.196751
523.466211, 21.197171
524.109041, 21.197591
524.752942, 21.198011
525.395773, 21.198384
526.039674, 21.198711
526.683576, 21.199038
527.326406, 21.199364
527.970307, 21.199644
528.613137, 21.199878
529.257039, 21.200111
529.900940, 21.200344
530.543770, 21.200531
531.187672, 21.200671
531.830502, 21.200811
532.474404, 21.200951
533.118305, 21.201044
533.761135, 21.201138
534.405037, 21.201184
535.047867, 21.201231
535.691768, 21.201231
