# y_plus, uu_plus, vv_plus, minus_uv_plus
7.70582130e-01, 1.19913351e-02, 1.19913351e-02, 1.33379122e-04
2.31174639e+00, 1.26493183e-02, 1.26493183e-02, 8.06654444e-04
3.85291065e+00, 7.49309335e-02, 7.49309335e-02, 1.30951526e-02
5.39407491e+00, 2.43935852e-01, 2.43935852e-01, 7.46457485e-02
6.93523917e+00, 5.05332083e-01, 5.05332083e-01, 2.02447447e-01
8.47640343e+00, 7.77566756e-01, 7.77566756e-01, 3.47440396e-01
1.00175677e+01, 1.00767493e+00, 1.00767493e+00, 4.68573584e-01
1.15587320e+01, 1.18802562e+00, 1.18802562e+00, 5.52435690e-01
1.30998962e+01, 1.32828123e+00, 1.32828123e+00, 6.17642583e-01
1.46410605e+01, 1.43719895e+00, 1.43719895e+00, 6.68310908e-01
1.61822247e+01, 1.52230803e+00, 1.52230803e+00, 7.07889491e-01
1.77233890e+01, 1.58948870e+00, 1.58948870e+00, 7.39133140e-01
1.92645533e+01, 1.64315464e+00, 1.64315464e+00, 7.64071443e-01
2.08057175e+01, 1.68654069e+00, 1.68654069e+00, 7.84220864e-01
2.23468818e+01, 1.72204667e+00, 1.72204667e+00, 8.00775425e-01
2.38880460e+01, 1.75143382e+00, 1.75143382e+00, 8.14444241e-01
2.54292103e+01, 1.77604241e+00, 1.77604241e+00, 8.25409177e-01
2.69703746e+01, 1.79684077e+00, 1.79684077e+00, 8.33958576e-01
2.85115388e+01, 1.81456569e+00, 1.81456569e+00, 8.41498147e-01
3.00527031e+01, 1.82973642e+00, 1.82973642e+00, 8.47803584e-01
3.15938673e+01, 1.84276697e+00, 1.84276697e+00, 8.53272633e-01
3.31350316e+01, 1.85398714e+00, 1.85398714e+00, 8.57913671e-01
3.46761959e+01, 1.86367760e+00, 1.86367760e+00, 8.61836485e-01
3.62173601e+01, 1.87205589e+00, 1.87205589e+00, 8.65297505e-01
3.77585244e+01, 1.87929742e+00, 1.87929742e+00, 8.68179211e-01
3.92996886e+01, 1.88555658e+00, 1.88555658e+00, 8.70691056e-01
4.08408529e+01, 1.89096668e+00, 1.89096668e+00, 8.72831395e-01
4.23820172e+01, 1.89561894e+00, 1.89561894e+00, 8.74591867e-01
4.39231814e+01, 1.89961863e+00, 1.89961863e+00, 8.76093431e-01
4.54643457e+01, 1.90303590e+00, 1.90303590e+00, 8.77407887e-01
4.70055099e+01, 1.90593392e+00, 1.90593392e+00, 8.78537593e-01
4.85466742e+01, 1.90837583e+00, 1.90837583e+00, 8.79278544e-01
5.00878385e+01, 1.91040374e+00, 1.91040374e+00, 8.79922033e-01
5.16290027e+01, 1.91206677e+00, 1.91206677e+00, 8.80617008e-01
5.31701670e+01, 1.91340702e+00, 1.91340702e+00, 8.81012055e-01
5.47113312e+01, 1.91444553e+00, 1.91444553e+00, 8.81322347e-01
5.62524955e+01, 1.91521038e+00, 1.91521038e+00, 8.81594483e-01
5.77936598e+01, 1.91574367e+00, 1.91574367e+00, 8.81506235e-01
5.93348240e+01, 1.91605242e+00, 1.91605242e+00, 8.81382731e-01
6.08759883e+01, 1.91616469e+00, 1.91616469e+00, 8.81388798e-01
6.24171525e+01, 1.91609452e+00, 1.91609452e+00, 8.81314823e-01
6.39583168e+01, 1.91585595e+00, 1.91585595e+00, 8.81095080e-01
6.54994811e+01, 1.91547001e+00, 1.91547001e+00, 8.80847079e-01
6.70406453e+01, 1.91494374e+00, 1.91494374e+00, 8.80272668e-01
6.85818096e+01, 1.91429116e+00, 1.91429116e+00, 8.79877818e-01
7.01229738e+01, 1.91352630e+00, 1.91352630e+00, 8.79564851e-01
7.16641381e+01, 1.91265620e+00, 1.91265620e+00, 8.78984941e-01
7.32053024e+01, 1.91168084e+00, 1.91168084e+00, 8.78434294e-01
7.47464666e+01, 1.91062127e+00, 1.91062127e+00, 8.77991901e-01
7.62876309e+01, 1.90947750e+00, 1.90947750e+00, 8.77269397e-01
7.78287951e+01, 1.90826356e+00, 1.90826356e+00, 8.76559600e-01
7.93699594e+01, 1.90697244e+00, 1.90697244e+00, 8.75924996e-01
8.09111237e+01, 1.90561816e+00, 1.90561816e+00, 8.75179691e-01
8.24522879e+01, 1.90420774e+00, 1.90420774e+00, 8.74630988e-01
8.39934522e+01, 1.90273417e+00, 1.90273417e+00, 8.73818119e-01
8.55346165e+01, 1.90121850e+00, 1.90121850e+00, 8.73042717e-01
8.70757807e+01, 1.89964670e+00, 1.89964670e+00, 8.72354141e-01
8.86169450e+01, 1.89803981e+00, 1.89803981e+00, 8.71522540e-01
9.01581092e+01, 1.89638380e+00, 1.89638380e+00, 8.70863873e-01
9.16992735e+01, 1.89469972e+00, 1.89469972e+00, 8.69852238e-01
9.32404378e+01, 1.89297354e+00, 1.89297354e+00, 8.69088680e-01
9.47816020e+01, 1.89121929e+00, 1.89121929e+00, 8.68324061e-01
9.63227663e+01, 1.88943698e+00, 1.88943698e+00, 8.67287704e-01
9.78639305e+01, 1.88761958e+00, 1.88761958e+00, 8.66612805e-01
9.94050948e+01, 1.88578814e+00, 1.88578814e+00, 8.65408201e-01
1.00946259e+02, 1.88392162e+00, 1.88392162e+00, 8.64628228e-01
1.02487423e+02, 1.88204107e+00, 1.88204107e+00, 8.63997959e-01
1.04028588e+02, 1.88013946e+00, 1.88013946e+00, 8.62893834e-01
1.05569752e+02, 1.87821681e+00, 1.87821681e+00, 8.61982118e-01
1.07110916e+02, 1.87627310e+00, 1.87627310e+00, 8.60958397e-01
1.08652080e+02, 1.87432238e+00, 1.87432238e+00, 8.60178755e-01
1.10193245e+02, 1.87235060e+00, 1.87235060e+00, 8.59328919e-01
1.11734409e+02, 1.87037181e+00, 1.87037181e+00, 8.58424213e-01
1.13275573e+02, 1.86837197e+00, 1.86837197e+00, 8.57482448e-01
1.14816737e+02, 1.86636511e+00, 1.86636511e+00, 8.56517463e-01
1.16357902e+02, 1.86434422e+00, 1.86434422e+00, 8.55548053e-01
1.17899066e+02, 1.86231631e+00, 1.86231631e+00, 8.54587857e-01
1.19440230e+02, 1.86028138e+00, 1.86028138e+00, 8.53654126e-01
1.20981394e+02, 1.85823944e+00, 1.85823944e+00, 8.52760342e-01
1.22522559e+02, 1.85618346e+00, 1.85618346e+00, 8.51923493e-01
1.24063723e+02, 1.85412046e+00, 1.85412046e+00, 8.50772492e-01
1.25604887e+02, 1.85205747e+00, 1.85205747e+00, 8.50090625e-01
1.27146051e+02, 1.84998746e+00, 1.84998746e+00, 8.49115409e-01
1.28687216e+02, 1.84790341e+00, 1.84790341e+00, 8.47848763e-01
1.30228380e+02, 1.84582638e+00, 1.84582638e+00, 8.47100579e-01
1.31769544e+02, 1.84373532e+00, 1.84373532e+00, 8.46082413e-01
1.33310709e+02, 1.84164425e+00, 1.84164425e+00, 8.45208271e-01
1.34851873e+02, 1.83955319e+00, 1.83955319e+00, 8.44493011e-01
1.36393037e+02, 1.83745511e+00, 1.83745511e+00, 8.43528318e-01
1.37934201e+02, 1.83535703e+00, 1.83535703e+00, 8.42316940e-01
1.39475366e+02, 1.83325193e+00, 1.83325193e+00, 8.41290066e-01
1.41016530e+02, 1.83114684e+00, 1.83114684e+00, 8.40896948e-01
1.42557694e+02, 1.82903472e+00, 1.82903472e+00, 8.39847500e-01
1.44098858e+02, 1.82692962e+00, 1.82692962e+00, 8.38572833e-01
1.45640023e+02, 1.82481751e+00, 1.82481751e+00, 8.37522918e-01
1.47181187e+02, 1.82270540e+00, 1.82270540e+00, 8.36710787e-01
1.48722351e+02, 1.82059328e+00, 1.82059328e+00, 8.36150327e-01
1.50263515e+02, 1.81848117e+00, 1.81848117e+00, 8.34934785e-01
1.51804680e+02, 1.81636204e+00, 1.81636204e+00, 8.33981961e-01
1.53345844e+02, 1.81424992e+00, 1.81424992e+00, 8.33305435e-01
1.54887008e+02, 1.81213079e+00, 1.81213079e+00, 8.31972967e-01
1.56428172e+02, 1.81001166e+00, 1.81001166e+00, 8.31403460e-01
1.57969337e+02, 1.80789955e+00, 1.80789955e+00, 8.30660531e-01
1.59510501e+02, 1.80578041e+00, 1.80578041e+00, 8.29262531e-01
1.61051665e+02, 1.80366128e+00, 1.80366128e+00, 8.28661252e-01
1.62592829e+02, 1.80154215e+00, 1.80154215e+00, 8.27899020e-01
1.64133994e+02, 1.79942302e+00, 1.79942302e+00, 8.26480625e-01
1.65675158e+02, 1.79731091e+00, 1.79731091e+00, 8.25394395e-01
1.67216322e+02, 1.79519178e+00, 1.79519178e+00, 8.25155312e-01
1.68757487e+02, 1.79307264e+00, 1.79307264e+00, 8.24267368e-01
1.70298651e+02, 1.79095351e+00, 1.79095351e+00, 8.22719460e-01
1.71839815e+02, 1.78884140e+00, 1.78884140e+00, 8.22045623e-01
1.73380979e+02, 1.78672227e+00, 1.78672227e+00, 8.21750318e-01
1.74922144e+02, 1.78461015e+00, 1.78461015e+00, 8.20802015e-01
1.76463308e+02, 1.78249102e+00, 1.78249102e+00, 8.19190724e-01
1.78004472e+02, 1.78037891e+00, 1.78037891e+00, 8.18493869e-01
1.79545636e+02, 1.77825978e+00, 1.77825978e+00, 8.18203103e-01
1.81086801e+02, 1.77614766e+00, 1.77614766e+00, 8.16712483e-01
1.82627965e+02, 1.77403555e+00, 1.77403555e+00, 8.15629153e-01
1.84169129e+02, 1.77191642e+00, 1.77191642e+00, 8.14972579e-01
1.85710293e+02, 1.76980430e+00, 1.76980430e+00, 8.14191530e-01
1.87251458e+02, 1.76769219e+00, 1.76769219e+00, 8.13837310e-01
1.88792622e+02, 1.76558008e+00, 1.76558008e+00, 8.12829316e-01
1.90333786e+02, 1.76346094e+00, 1.76346094e+00, 8.11142607e-01
1.91874950e+02, 1.76134883e+00, 1.76134883e+00, 8.10457145e-01
1.93416115e+02, 1.75923672e+00, 1.75923672e+00, 8.10230158e-01
1.94957279e+02, 1.75712460e+00, 1.75712460e+00, 8.08770931e-01
1.96498443e+02, 1.75501249e+00, 1.75501249e+00, 8.07764305e-01
1.98039607e+02, 1.75290037e+00, 1.75290037e+00, 8.07228515e-01
1.99580772e+02, 1.75078826e+00, 1.75078826e+00, 8.06597113e-01
2.01121936e+02, 1.74867615e+00, 1.74867615e+00, 8.05863497e-01
2.02663100e+02, 1.74656403e+00, 1.74656403e+00, 8.04452424e-01
2.04204265e+02, 1.74445192e+00, 1.74445192e+00, 8.03528165e-01
2.05745429e+02, 1.74233980e+00, 1.74233980e+00, 8.03093736e-01
2.07286593e+02, 1.74022769e+00, 1.74022769e+00, 8.01980919e-01
2.08827757e+02, 1.73811557e+00, 1.73811557e+00, 8.01372756e-01
2.10368922e+02, 1.73599644e+00, 1.73599644e+00, 8.00673201e-01
2.11910086e+02, 1.73388433e+00, 1.73388433e+00, 7.99288131e-01
2.13451250e+02, 1.73177222e+00, 1.73177222e+00, 7.98418936e-01
2.14992414e+02, 1.72965308e+00, 1.72965308e+00, 7.97460486e-01
2.16533579e+02, 1.72754097e+00, 1.72754097e+00, 7.97031151e-01
2.18074743e+02, 1.72542184e+00, 1.72542184e+00, 7.96526623e-01
2.19615907e+02, 1.72330972e+00, 1.72330972e+00, 7.95324128e-01
2.21157071e+02, 1.72119059e+00, 1.72119059e+00, 7.94035177e-01
2.22698236e+02, 1.71907146e+00, 1.71907146e+00, 7.93296130e-01
2.24239400e+02, 1.71695233e+00, 1.71695233e+00, 7.92477552e-01
2.25780564e+02, 1.71483320e+00, 1.71483320e+00, 7.91580107e-01
2.27321728e+02, 1.71270705e+00, 1.71270705e+00, 7.91241529e-01
2.28862893e+02, 1.71058792e+00, 1.71058792e+00, 7.90204132e-01
2.30404057e+02, 1.70846177e+00, 1.70846177e+00, 7.89089677e-01
2.31945221e+02, 1.70633562e+00, 1.70633562e+00, 7.88543820e-01
2.33486385e+02, 1.70420948e+00, 1.70420948e+00, 7.87286277e-01
2.35027550e+02, 1.70208333e+00, 1.70208333e+00, 7.86603689e-01
2.36568714e+02, 1.69995016e+00, 1.69995016e+00, 7.85858032e-01
2.38109878e+02, 1.69782402e+00, 1.69782402e+00, 7.84394616e-01
2.39651042e+02, 1.69569085e+00, 1.69569085e+00, 7.84160398e-01
2.41192207e+02, 1.69355768e+00, 1.69355768e+00, 7.83222166e-01
2.42733371e+02, 1.69141750e+00, 1.69141750e+00, 7.82216551e-01
2.44274535e+02, 1.68928434e+00, 1.68928434e+00, 7.81802757e-01
2.45815700e+02, 1.68714416e+00, 1.68714416e+00, 7.80672678e-01
2.47356864e+02, 1.68499696e+00, 1.68499696e+00, 7.79476825e-01
2.48898028e+02, 1.68285677e+00, 1.68285677e+00, 7.78893792e-01
2.50439192e+02, 1.68070958e+00, 1.68070958e+00, 7.78244475e-01
2.51980357e+02, 1.67856238e+00, 1.67856238e+00, 7.76871341e-01
2.53521521e+02, 1.67640816e+00, 1.67640816e+00, 7.76113127e-01
2.55062685e+02, 1.67426096e+00, 1.67426096e+00, 7.75976969e-01
2.56603849e+02, 1.67209973e+00, 1.67209973e+00, 7.74432954e-01
2.58145014e+02, 1.66994551e+00, 1.66994551e+00, 7.73505843e-01
2.59686178e+02, 1.66778428e+00, 1.66778428e+00, 7.73208556e-01
2.61227342e+02, 1.66562305e+00, 1.66562305e+00, 7.72181111e-01
2.62768506e+02, 1.66345480e+00, 1.66345480e+00, 7.71097091e-01
2.64309671e+02, 1.66128655e+00, 1.66128655e+00, 7.69962865e-01
2.65850835e+02, 1.65911128e+00, 1.65911128e+00, 7.69468314e-01
2.67391999e+02, 1.65693601e+00, 1.65693601e+00, 7.68231006e-01
2.68933163e+02, 1.65476074e+00, 1.65476074e+00, 7.66944703e-01
2.70474328e+02, 1.65257846e+00, 1.65257846e+00, 7.66994746e-01
2.72015492e+02, 1.65039618e+00, 1.65039618e+00, 7.66306979e-01
2.73556656e+02, 1.64820687e+00, 1.64820687e+00, 7.64176847e-01
2.75097820e+02, 1.64601757e+00, 1.64601757e+00, 7.63391851e-01
2.76638985e+02, 1.64382126e+00, 1.64382126e+00, 7.63266350e-01
2.78180149e+02, 1.64162494e+00, 1.64162494e+00, 7.62391114e-01
2.79721313e+02, 1.63942160e+00, 1.63942160e+00, 7.61478870e-01
2.81262478e+02, 1.63721827e+00, 1.63721827e+00, 7.60512915e-01
2.82803642e+02, 1.63500792e+00, 1.63500792e+00, 7.59510583e-01
2.84344806e+02, 1.63279756e+00, 1.63279756e+00, 7.58460908e-01
2.85885970e+02, 1.63058019e+00, 1.63058019e+00, 7.57369858e-01
2.87427135e+02, 1.62836283e+00, 1.62836283e+00, 7.56232179e-01
2.88968299e+02, 1.62613142e+00, 1.62613142e+00, 7.55775720e-01
2.90509463e+02, 1.62390704e+00, 1.62390704e+00, 7.55054987e-01
2.92050627e+02, 1.62166862e+00, 1.62166862e+00, 7.53857135e-01
2.93591792e+02, 1.61942318e+00, 1.61942318e+00, 7.53326650e-01
2.95132956e+02, 1.61716371e+00, 1.61716371e+00, 7.52348569e-01
2.96674120e+02, 1.61489020e+00, 1.61489020e+00, 7.51166031e-01
2.98215284e+02, 1.61260266e+00, 1.61260266e+00, 7.49933760e-01
2.99756449e+02, 1.61030109e+00, 1.61030109e+00, 7.48756747e-01
3.01297613e+02, 1.60798549e+00, 1.60798549e+00, 7.47706830e-01
3.02838777e+02, 1.60564883e+00, 1.60564883e+00, 7.46105909e-01
3.04379941e+02, 1.60329112e+00, 1.60329112e+00, 7.45388229e-01
3.05921106e+02, 1.60092639e+00, 1.60092639e+00, 7.44847208e-01
3.07462270e+02, 1.59854062e+00, 1.59854062e+00, 7.43041393e-01
3.09003434e+02, 1.59613379e+00, 1.59613379e+00, 7.42094999e-01
3.10544598e+02, 1.59371293e+00, 1.59371293e+00, 7.41281047e-01
3.12085763e+02, 1.59127803e+00, 1.59127803e+00, 7.39862328e-01
3.13626927e+02, 1.58882910e+00, 1.58882910e+00, 7.38542221e-01
3.15168091e+02, 1.58635912e+00, 1.58635912e+00, 7.38002437e-01
3.16709256e+02, 1.58387511e+00, 1.58387511e+00, 7.36818099e-01
3.18250420e+02, 1.58137706e+00, 1.58137706e+00, 7.34966361e-01
3.19791584e+02, 1.57885796e+00, 1.57885796e+00, 7.33856012e-01
3.21332748e+02, 1.57632482e+00, 1.57632482e+00, 7.33482331e-01
3.22873913e+02, 1.57377766e+00, 1.57377766e+00, 7.32413194e-01
3.24415077e+02, 1.57121645e+00, 1.57121645e+00, 7.29930642e-01
3.25956241e+02, 1.56863420e+00, 1.56863420e+00, 7.28868842e-01
3.27497405e+02, 1.56603792e+00, 1.56603792e+00, 7.28517769e-01
3.29038570e+02, 1.56342058e+00, 1.56342058e+00, 7.27448128e-01
3.30579734e+02, 1.56078921e+00, 1.56078921e+00, 7.25653548e-01
3.32120898e+02, 1.55814380e+00, 1.55814380e+00, 7.24559413e-01
3.33662062e+02, 1.55548436e+00, 1.55548436e+00, 7.23453300e-01
3.35203227e+02, 1.55280387e+00, 1.55280387e+00, 7.21621503e-01
3.36744391e+02, 1.55010935e+00, 1.55010935e+00, 7.20480708e-01
3.38285555e+02, 1.54739377e+00, 1.54739377e+00, 7.20042506e-01
3.39826719e+02, 1.54466416e+00, 1.54466416e+00, 7.18873272e-01
3.41367884e+02, 1.54191350e+00, 1.54191350e+00, 7.16967049e-01
3.42909048e+02, 1.53915582e+00, 1.53915582e+00, 7.15763928e-01
3.44450212e+02, 1.53637008e+00, 1.53637008e+00, 7.13823618e-01
3.45991376e+02, 1.53357732e+00, 1.53357732e+00, 7.12581810e-01
3.47532541e+02, 1.53075649e+00, 1.53075649e+00, 7.12039169e-01
3.49073705e+02, 1.52792864e+00, 1.52792864e+00, 7.10764711e-01
3.50614869e+02, 1.52507974e+00, 1.52507974e+00, 7.09468761e-01
3.52156033e+02, 1.52220979e+00, 1.52220979e+00, 7.07445815e-01
3.53697198e+02, 1.51932581e+00, 1.51932581e+00, 7.06117520e-01
3.55238362e+02, 1.51642078e+00, 1.51642078e+00, 7.05494685e-01
3.56779526e+02, 1.51350171e+00, 1.51350171e+00, 7.04134634e-01
3.58320691e+02, 1.51056861e+00, 1.51056861e+00, 7.02042431e-01
3.59861855e+02, 1.50761445e+00, 1.50761445e+00, 7.00650867e-01
3.61403019e+02, 1.50463925e+00, 1.50463925e+00, 6.99965305e-01
3.62944183e+02, 1.50165001e+00, 1.50165001e+00, 6.98542680e-01
3.64485348e+02, 1.49863972e+00, 1.49863972e+00, 6.97104652e-01
3.66026512e+02, 1.49561540e+00, 1.49561540e+00, 6.95656424e-01
3.67567676e+02, 1.49257002e+00, 1.49257002e+00, 6.93476559e-01
3.69108840e+02, 1.48951062e+00, 1.48951062e+00, 6.91992918e-01
3.70650005e+02, 1.48643016e+00, 1.48643016e+00, 6.91215627e-01
3.72191169e+02, 1.48332865e+00, 1.48332865e+00, 6.89712103e-01
3.73732333e+02, 1.48021310e+00, 1.48021310e+00, 6.88904762e-01
3.75273497e+02, 1.47707651e+00, 1.47707651e+00, 6.87371482e-01
3.76814662e+02, 1.47391886e+00, 1.47391886e+00, 6.85102572e-01
3.78355826e+02, 1.47074718e+00, 1.47074718e+00, 6.83545153e-01
3.79896990e+02, 1.46756147e+00, 1.46756147e+00, 6.82683799e-01
3.81438154e+02, 1.46434769e+00, 1.46434769e+00, 6.81097282e-01
3.82979319e+02, 1.46111987e+00, 1.46111987e+00, 6.78781160e-01
3.84520483e+02, 1.45787802e+00, 1.45787802e+00, 6.77881304e-01
3.86061647e+02, 1.45460811e+00, 1.45460811e+00, 6.76971871e-01
3.87602811e+02, 1.45132415e+00, 1.45132415e+00, 6.74618635e-01
3.89143976e+02, 1.44802617e+00, 1.44802617e+00, 6.72971228e-01
3.90685140e+02, 1.44470012e+00, 1.44470012e+00, 6.72024066e-01
3.92226304e+02, 1.44136003e+00, 1.44136003e+00, 6.70348662e-01
3.93767469e+02, 1.43800591e+00, 1.43800591e+00, 6.68664447e-01
3.95308633e+02, 1.43462372e+00, 1.43462372e+00, 6.66971486e-01
3.96849797e+02, 1.43122749e+00, 1.43122749e+00, 6.65264931e-01
3.98390961e+02, 1.42781724e+00, 1.42781724e+00, 6.64257600e-01
3.99932126e+02, 1.42437891e+00, 1.42437891e+00, 6.62528705e-01
4.01473290e+02, 1.42092655e+00, 1.42092655e+00, 6.60786463e-01
4.03014454e+02, 1.41745314e+00, 1.41745314e+00, 6.59035843e-01
4.04555618e+02, 1.41395868e+00, 1.41395868e+00, 6.57272045e-01
4.06096783e+02, 1.41045018e+00, 1.41045018e+00, 6.56210971e-01
4.07637947e+02, 1.40692064e+00, 1.40692064e+00, 6.54430385e-01
4.09179111e+02, 1.40337004e+00, 1.40337004e+00, 6.52636848e-01
4.10720275e+02, 1.39979839e+00, 1.39979839e+00, 6.50835279e-01
4.12261440e+02, 1.39621271e+00, 1.39621271e+00, 6.49020928e-01
4.13802604e+02, 1.39260598e+00, 1.39260598e+00, 6.47198692e-01
4.15343768e+02, 1.38897819e+00, 1.38897819e+00, 6.46077054e-01
4.16884932e+02, 1.38532936e+00, 1.38532936e+00, 6.44233989e-01
4.18426097e+02, 1.38166649e+00, 1.38166649e+00, 6.42383240e-01
4.19967261e+02, 1.37798257e+00, 1.37798257e+00, 6.41231852e-01
4.21508425e+02, 1.37427760e+00, 1.37427760e+00, 6.38654187e-01
4.23049589e+02, 1.37055158e+00, 1.37055158e+00, 6.36776030e-01
4.24590754e+02, 1.36680450e+00, 1.36680450e+00, 6.35591155e-01
4.26131918e+02, 1.36304340e+00, 1.36304340e+00, 6.33697715e-01
4.27673082e+02, 1.35926124e+00, 1.35926124e+00, 6.32496599e-01
4.29214247e+02, 1.35545803e+00, 1.35545803e+00, 6.30583371e-01
4.30755411e+02, 1.35163377e+00, 1.35163377e+00, 6.27959783e-01
4.32296575e+02, 1.34779548e+00, 1.34779548e+00, 6.26730812e-01
4.33837739e+02, 1.34393613e+00, 1.34393613e+00, 6.25493641e-01
4.35378904e+02, 1.34004872e+00, 1.34004872e+00, 6.22845497e-01
4.36920068e+02, 1.33614727e+00, 1.33614727e+00, 6.20892482e-01
4.38461232e+02, 1.33223179e+00, 1.33223179e+00, 6.19628140e-01
4.40002396e+02, 1.32828824e+00, 1.32828824e+00, 6.17660916e-01
4.41543561e+02, 1.32433066e+00, 1.32433066e+00, 6.15682351e-01
4.43084725e+02, 1.32035203e+00, 1.32035203e+00, 6.14395342e-01
4.44625889e+02, 1.31635234e+00, 1.31635234e+00, 6.12402920e-01
4.46167053e+02, 1.31233161e+00, 1.31233161e+00, 6.09707186e-01
4.47708218e+02, 1.30828982e+00, 1.30828982e+00, 6.08398626e-01
4.49249382e+02, 1.30423400e+00, 1.30423400e+00, 6.07077682e-01
4.50790546e+02, 1.30015011e+00, 1.30015011e+00, 6.04364238e-01
4.52331710e+02, 1.29605219e+00, 1.29605219e+00, 6.02335367e-01
4.53872875e+02, 1.29193321e+00, 1.29193321e+00, 6.00998078e-01
4.55414039e+02, 1.28779319e+00, 1.28779319e+00, 5.98956165e-01
4.56955203e+02, 1.28363913e+00, 1.28363913e+00, 5.96912742e-01
4.58496367e+02, 1.27945700e+00, 1.27945700e+00, 5.94858777e-01
4.60037532e+02, 1.27526084e+00, 1.27526084e+00, 5.92798887e-01
4.61578696e+02, 1.27104363e+00, 1.27104363e+00, 5.90737644e-01
4.63119860e+02, 1.26680537e+00, 1.26680537e+00, 5.89354580e-01
4.64661025e+02, 1.26254606e+00, 1.26254606e+00, 5.87276460e-01
4.66202189e+02, 1.25826569e+00, 1.25826569e+00, 5.85197139e-01
4.67743353e+02, 1.25397130e+00, 1.25397130e+00, 5.83107704e-01
4.69284517e+02, 1.24965585e+00, 1.24965585e+00, 5.81017174e-01
4.70825682e+02, 1.24531233e+00, 1.24531233e+00, 5.78916677e-01
4.72366846e+02, 1.24095478e+00, 1.24095478e+00, 5.76815190e-01
4.73908010e+02, 1.23658319e+00, 1.23658319e+00, 5.75390865e-01
4.75449174e+02, 1.23218354e+00, 1.23218354e+00, 5.73277774e-01
4.76990339e+02, 1.22776284e+00, 1.22776284e+00, 5.70478647e-01
4.78531503e+02, 1.22332810e+00, 1.22332810e+00, 5.68355983e-01
4.80072667e+02, 1.21887231e+00, 1.21887231e+00, 5.66911507e-01
4.81613831e+02, 1.21439547e+00, 1.21439547e+00, 5.64782075e-01
4.83154996e+02, 1.20989758e+00, 1.20989758e+00, 5.62647602e-01
4.84696160e+02, 1.20537864e+00, 1.20537864e+00, 5.60508149e-01
4.86237324e+02, 1.20084566e+00, 1.20084566e+00, 5.58368134e-01
4.87778488e+02, 1.19629163e+00, 1.19629163e+00, 5.56227587e-01
4.89319653e+02, 1.19171656e+00, 1.19171656e+00, 5.54082209e-01
4.90860817e+02, 1.18712043e+00, 1.18712043e+00, 5.51936383e-01
4.92401981e+02, 1.18250325e+00, 1.18250325e+00, 5.49790142e-01
4.93943145e+02, 1.17786502e+00, 1.17786502e+00, 5.48309522e-01
4.95484310e+02, 1.17321275e+00, 1.17321275e+00, 5.46161565e-01
4.97025474e+02, 1.16853944e+00, 1.16853944e+00, 5.43349239e-01
4.98566638e+02, 1.16384507e+00, 1.16384507e+00, 5.41201651e-01
5.00107802e+02, 1.15913667e+00, 1.15913667e+00, 5.38391735e-01
5.01648967e+02, 1.15440020e+00, 1.15440020e+00, 5.36248904e-01
5.03190131e+02, 1.14964970e+00, 1.14964970e+00, 5.34770174e-01
5.04731295e+02, 1.14487814e+00, 1.14487814e+00, 5.32621711e-01
5.06272460e+02, 1.14009256e+00, 1.14009256e+00, 5.30464687e-01
5.07813624e+02, 1.13527890e+00, 1.13527890e+00, 5.27637994e-01
5.09354788e+02, 1.13045121e+00, 1.13045121e+00, 5.25452629e-01
5.10895952e+02, 1.12560247e+00, 1.12560247e+00, 5.23897162e-01
5.12437117e+02, 1.12073268e+00, 1.12073268e+00, 5.20986539e-01
5.13978281e+02, 1.11584885e+00, 1.11584885e+00, 5.18681416e-01
5.15519445e+02, 1.11093696e+00, 1.11093696e+00, 5.16970172e-01
5.17060609e+02, 1.10601103e+00, 1.10601103e+00, 5.14520739e-01
5.18601774e+02, 1.10105704e+00, 1.10105704e+00, 5.11982076e-01
5.20142938e+02, 1.09608199e+00, 1.09608199e+00, 5.09338426e-01
5.21684102e+02, 1.09107888e+00, 1.09107888e+00, 5.07243402e-01
5.23225266e+02, 1.08605471e+00, 1.08605471e+00, 5.05057538e-01
5.24766431e+02, 1.08100248e+00, 1.08100248e+00, 5.02809931e-01
5.26307595e+02, 1.07592919e+00, 1.07592919e+00, 5.00550030e-01
5.27848759e+02, 1.07083486e+00, 1.07083486e+00, 4.97727400e-01
5.29389923e+02, 1.06572649e+00, 1.06572649e+00, 4.95722805e-01
5.30931088e+02, 1.06060409e+00, 1.06060409e+00, 4.93390168e-01
5.32472252e+02, 1.05547467e+00, 1.05547467e+00, 4.90893512e-01
5.34013416e+02, 1.05034525e+00, 1.05034525e+00, 4.88415345e-01
5.35554580e+02, 1.04521583e+00, 1.04521583e+00, 4.85527778e-01
5.37095745e+02, 1.04010044e+00, 1.04010044e+00, 4.83714199e-01
5.38636909e+02, 1.03500611e+00, 1.03500611e+00, 4.81887086e-01
5.40178073e+02, 1.02994686e+00, 1.02994686e+00, 4.78868897e-01
5.41719238e+02, 1.02493672e+00, 1.02493672e+00, 4.76585020e-01
5.43260402e+02, 1.01998273e+00, 1.01998273e+00, 4.74184719e-01
5.44801566e+02, 1.01509890e+00, 1.01509890e+00, 4.71832147e-01
5.46342730e+02, 1.01029226e+00, 1.01029226e+00, 4.69975067e-01
5.47883895e+02, 1.00555580e+00, 1.00555580e+00, 4.67810806e-01
5.49425059e+02, 1.00087546e+00, 1.00087546e+00, 4.64472038e-01
5.50966223e+02, 9.96209165e-01, 9.96209165e-01, 4.60888920e-01
5.52507387e+02, 9.91549883e-01, 9.91549883e-01, 4.58016047e-01
5.54048552e+02, 9.86897618e-01, 9.86897618e-01, 4.55139921e-01
5.55589716e+02, 9.82245353e-01, 9.82245353e-01, 4.52966240e-01
5.57130880e+02, 9.77607123e-01, 9.77607123e-01, 4.49378481e-01
5.58672044e+02, 9.72975909e-01, 9.72975909e-01, 4.46496792e-01
5.60213209e+02, 9.68344695e-01, 9.68344695e-01, 4.43609062e-01
5.61754373e+02, 9.63727515e-01, 9.63727515e-01, 4.40722100e-01
5.63295537e+02, 9.59117353e-01, 9.59117353e-01, 4.37832707e-01
5.64836701e+02, 9.54514207e-01, 9.54514207e-01, 4.34941024e-01
5.66377866e+02, 9.49918078e-01, 9.49918078e-01, 4.32050458e-01
5.67919030e+02, 9.45335983e-01, 9.45335983e-01, 4.29161101e-01
5.69460194e+02, 9.40760905e-01, 9.40760905e-01, 4.26269819e-01
5.71001358e+02, 9.36192844e-01, 9.36192844e-01, 4.23376752e-01
5.72542523e+02, 9.31638818e-01, 9.31638818e-01, 4.20485243e-01
5.74083687e+02, 9.27091808e-01, 9.27091808e-01, 4.17595387e-01
5.75624851e+02, 9.22558832e-01, 9.22558832e-01, 4.14707278e-01
5.77166016e+02, 9.18032873e-01, 9.18032873e-01, 4.11133496e-01
5.78707180e+02, 9.13520948e-01, 9.13520948e-01, 4.08250545e-01
5.80248344e+02, 9.09023057e-01, 9.09023057e-01, 4.05369635e-01
5.81789508e+02, 9.04532183e-01, 9.04532183e-01, 4.02487762e-01
5.83330673e+02, 9.00055343e-01, 9.00055343e-01, 3.99611237e-01
5.84871837e+02, 8.95592537e-01, 8.95592537e-01, 3.96740105e-01
5.86413001e+02, 8.91136748e-01, 8.91136748e-01, 3.93868310e-01
5.87954165e+02, 8.86702010e-01, 8.86702010e-01, 3.90324421e-01
5.89495330e+02, 8.82274289e-01, 8.82274289e-01, 3.87465221e-01
5.91036494e+02, 8.77860602e-01, 8.77860602e-01, 3.84608672e-01
5.92577658e+02, 8.73467966e-01, 8.73467966e-01, 3.81081582e-01
5.94118822e+02, 8.69082347e-01, 8.69082347e-01, 3.78238022e-01
5.95659987e+02, 8.64717779e-01, 8.64717779e-01, 3.75397346e-01
5.97201151e+02, 8.60360228e-01, 8.60360228e-01, 3.71893706e-01
5.98742315e+02, 8.56023727e-01, 8.56023727e-01, 3.69066382e-01
6.00283479e+02, 8.51701261e-01, 8.51701261e-01, 3.66245068e-01
6.01824644e+02, 8.47399846e-01, 8.47399846e-01, 3.62765405e-01
6.03365808e+02, 8.43112465e-01, 8.43112465e-01, 3.59957753e-01
6.04906972e+02, 8.38839118e-01, 8.38839118e-01, 3.57159100e-01
6.06448136e+02, 8.34579804e-01, 8.34579804e-01, 3.53706719e-01
6.07989301e+02, 8.30341542e-01, 8.30341542e-01, 3.50263580e-01
6.09530465e+02, 8.26124331e-01, 8.26124331e-01, 3.47489404e-01
6.11071629e+02, 8.21921153e-01, 8.21921153e-01, 3.44066159e-01
6.12612794e+02, 8.17732010e-01, 8.17732010e-01, 3.40655038e-01
6.14153958e+02, 8.13563918e-01, 8.13563918e-01, 3.38560709e-01
6.15695122e+02, 8.09416876e-01, 8.09416876e-01, 3.35170807e-01
6.17236286e+02, 8.05290886e-01, 8.05290886e-01, 3.31790342e-01
6.18777451e+02, 8.01185946e-01, 8.01185946e-01, 3.28424713e-01
6.20318615e+02, 7.97095041e-01, 7.97095041e-01, 3.25068562e-01
6.21859779e+02, 7.93025186e-01, 7.93025186e-01, 3.22371948e-01
6.23400943e+02, 7.88976383e-01, 7.88976383e-01, 3.19041200e-01
6.24942108e+02, 7.84955647e-01, 7.84955647e-01, 3.16364290e-01
6.26483272e+02, 7.80948946e-01, 7.80948946e-01, 3.13058851e-01
6.28024436e+02, 7.76963295e-01, 7.76963295e-01, 3.09126803e-01
6.29565600e+02, 7.72998695e-01, 7.72998695e-01, 3.06486753e-01
6.31106765e+02, 7.69062164e-01, 7.69062164e-01, 3.03220053e-01
6.32647929e+02, 7.65146683e-01, 7.65146683e-01, 2.99967883e-01
6.34189093e+02, 7.61252253e-01, 7.61252253e-01, 2.96730181e-01
6.35730257e+02, 7.57378874e-01, 7.57378874e-01, 2.93506882e-01
6.37271422e+02, 7.53533564e-01, 7.53533564e-01, 2.90297925e-01
6.38812586e+02, 7.49709304e-01, 7.49709304e-01, 2.87103245e-01
6.40353750e+02, 7.45913112e-01, 7.45913112e-01, 2.83922780e-01
6.41894914e+02, 7.42137971e-01, 7.42137971e-01, 2.80756467e-01
6.43436079e+02, 7.38390898e-01, 7.38390898e-01, 2.77606583e-01
6.44977243e+02, 7.34664876e-01, 7.34664876e-01, 2.73848301e-01
6.46518407e+02, 7.30966922e-01, 7.30966922e-01, 2.70727768e-01
6.48059571e+02, 7.27297036e-01, 7.27297036e-01, 2.67623360e-01
6.49600736e+02, 7.23655218e-01, 7.23655218e-01, 2.64534951e-01
6.51141900e+02, 7.20034451e-01, 7.20034451e-01, 2.61460183e-01
6.52683064e+02, 7.16448769e-01, 7.16448769e-01, 2.58401203e-01
6.54224229e+02, 7.12884137e-01, 7.12884137e-01, 2.54744044e-01
6.55765393e+02, 7.09354591e-01, 7.09354591e-01, 2.51105199e-01
6.57306557e+02, 7.05846096e-01, 7.05846096e-01, 2.48095584e-01
6.58847721e+02, 7.02372686e-01, 7.02372686e-01, 2.45101231e-01
6.60388886e+02, 6.98924536e-01, 6.98924536e-01, 2.41513666e-01
6.61930050e+02, 6.95507262e-01, 6.95507262e-01, 2.37945869e-01
6.63471214e+02, 6.92120161e-01, 6.92120161e-01, 2.34999196e-01
6.65012378e+02, 6.88763232e-01, 6.88763232e-01, 2.32071300e-01
6.66553543e+02, 6.85437881e-01, 6.85437881e-01, 2.28554883e-01
6.68094707e+02, 6.82143403e-01, 6.82143403e-01, 2.25055454e-01
6.69635871e+02, 6.78880503e-01, 6.78880503e-01, 2.21574796e-01
6.71177035e+02, 6.75649179e-01, 6.75649179e-01, 2.18112675e-01
6.72718200e+02, 6.72450834e-01, 6.72450834e-01, 2.15266815e-01
6.74259364e+02, 6.69284768e-01, 6.69284768e-01, 2.11837954e-01
6.75800528e+02, 6.66151682e-01, 6.66151682e-01, 2.08428828e-01
6.77341692e+02, 6.63052277e-01, 6.63052277e-01, 2.05631617e-01
6.78882857e+02, 6.59986554e-01, 6.59986554e-01, 2.02254483e-01
6.80424021e+02, 6.56954513e-01, 6.56954513e-01, 1.98306126e-01
6.81965185e+02, 6.53957556e-01, 6.53957556e-01, 1.94965995e-01
6.83506349e+02, 6.50995684e-01, 6.50995684e-01, 1.92233905e-01
6.85047514e+02, 6.48068196e-01, 6.48068196e-01, 1.88338833e-01
6.86588678e+02, 6.45177196e-01, 6.45177196e-01, 1.85051224e-01
6.88129842e+02, 6.42321280e-01, 6.42321280e-01, 1.82367478e-01
6.89671007e+02, 6.39501854e-01, 6.39501854e-01, 1.78526501e-01
6.91212171e+02, 6.36718915e-01, 6.36718915e-01, 1.74706087e-01
6.92753335e+02, 6.33972465e-01, 6.33972465e-01, 1.71485962e-01
6.94294499e+02, 6.31263907e-01, 6.31263907e-01, 1.68864369e-01
6.95835664e+02, 6.28591837e-01, 6.28591837e-01, 1.65094119e-01
6.97376828e+02, 6.25960465e-01, 6.25960465e-01, 1.61341404e-01
6.98917992e+02, 6.23375406e-01, 6.23375406e-01, 1.58763270e-01
7.00459156e+02, 6.20835957e-01, 6.20835957e-01, 1.55039880e-01
7.02000321e+02, 6.18344224e-01, 6.18344224e-01, 1.51331677e-01
7.03541485e+02, 6.15899504e-01, 6.15899504e-01, 1.48215092e-01
7.05082649e+02, 6.13503202e-01, 6.13503202e-01, 1.45111378e-01
7.06623813e+02, 6.11155317e-01, 6.11155317e-01, 1.42020301e-01
7.08164978e+02, 6.08856551e-01, 6.08856551e-01, 1.37793345e-01
7.09706142e+02, 6.06606904e-01, 6.06606904e-01, 1.34728481e-01
7.11247306e+02, 6.04407077e-01, 6.04407077e-01, 1.31676722e-01
7.12788470e+02, 6.02258475e-01, 6.02258475e-01, 1.27493131e-01
7.14329635e+02, 6.00159693e-01, 6.00159693e-01, 1.24465891e-01
7.15870799e+02, 5.98112837e-01, 5.98112837e-01, 1.21450871e-01
7.17411963e+02, 5.96117906e-01, 5.96117906e-01, 1.17877205e-01
7.18953127e+02, 5.94174902e-01, 5.94174902e-01, 1.14316612e-01
7.20494292e+02, 5.92284524e-01, 5.92284524e-01, 1.10767687e-01
7.22035456e+02, 5.90446774e-01, 5.90446774e-01, 1.07798500e-01
7.23576620e+02, 5.88662354e-01, 5.88662354e-01, 1.04272325e-01
7.25117785e+02, 5.86932666e-01, 5.86932666e-01, 1.00757855e-01
7.26658949e+02, 5.85256307e-01, 5.85256307e-01, 9.78201444e-02
7.28200113e+02, 5.83634680e-01, 5.83634680e-01, 9.37616381e-02
7.29741277e+02, 5.82067786e-01, 5.82067786e-01, 9.02791969e-02
7.31282442e+02, 5.80555625e-01, 5.80555625e-01, 8.73706894e-02
7.32823606e+02, 5.79099599e-01, 5.79099599e-01, 8.39078309e-02
7.34364770e+02, 5.77699709e-01, 5.77699709e-01, 8.04537349e-02
7.35905934e+02, 5.76355254e-01, 5.76355254e-01, 7.70095591e-02
7.37447099e+02, 5.75067636e-01, 5.75067636e-01, 7.35734511e-02
7.38988263e+02, 5.73836856e-01, 5.73836856e-01, 7.01457845e-02
7.40529427e+02, 5.72662914e-01, 5.72662914e-01, 6.67268068e-02
7.42070591e+02, 5.71545809e-01, 5.71545809e-01, 6.33148548e-02
7.43611756e+02, 5.70486945e-01, 5.70486945e-01, 5.99102074e-02
7.45152920e+02, 5.69484919e-01, 5.69484919e-01, 5.65124859e-02
7.46694084e+02, 5.68541835e-01, 5.68541835e-01, 5.31218111e-02
7.48235248e+02, 5.67656291e-01, 5.67656291e-01, 4.97367728e-02
7.49776413e+02, 5.66828988e-01, 5.66828988e-01, 4.63579603e-02
7.51317577e+02, 5.66059925e-01, 5.66059925e-01, 4.24258546e-02
7.52858741e+02, 5.65349806e-01, 5.65349806e-01, 3.90576570e-02
7.54399905e+02, 5.64698629e-01, 5.64698629e-01, 3.62517467e-02
7.55941070e+02, 5.64106395e-01, 5.64106395e-01, 3.28920800e-02
7.57482234e+02, 5.63573104e-01, 5.63573104e-01, 2.89792307e-02
7.59023398e+02, 5.63098755e-01, 5.63098755e-01, 2.56270003e-02
7.60564563e+02, 5.62683350e-01, 5.62683350e-01, 2.22780328e-02
7.62105727e+02, 5.62327588e-01, 5.62327588e-01, 1.89316756e-02
7.63646891e+02, 5.62031471e-01, 5.62031471e-01, 1.55876972e-02
7.65188055e+02, 5.61793595e-01, 5.61793595e-01, 1.16888941e-02
7.66729220e+02, 5.61616065e-01, 5.61616065e-01, 8.34818382e-03
7.68270384e+02, 5.61497478e-01, 5.61497478e-01, 5.00848401e-03
7.69811548e+02, 5.61437834e-01, 5.61437834e-01, 1.66943152e-03
