# y_plus, uu_plus, vv_plus, minus_uv_plus
7.67835803e-01, 9.66011796e-01, 9.66011796e-01, 1.47484990e-01
2.30350741e+00, 1.00050717e+00, 1.00050717e+00, 2.98235292e-01
3.83917902e+00, 1.20718258e+00, 1.20718258e+00, 4.91435608e-01
5.37485062e+00, 1.37565937e+00, 1.37565937e+00, 6.17589157e-01
6.91052223e+00, 1.49740026e+00, 1.49740026e+00, 6.92771522e-01
8.44619383e+00, 1.58673770e+00, 1.58673770e+00, 7.41199279e-01
9.98186544e+00, 1.65433619e+00, 1.65433619e+00, 7.74650146e-01
1.15175370e+01, 1.70691672e+00, 1.70691672e+00, 7.98939538e-01
1.30532087e+01, 1.74875500e+00, 1.74875500e+00, 8.17225353e-01
1.45888803e+01, 1.78265672e+00, 1.78265672e+00, 8.31438016e-01
1.61245519e+01, 1.81053005e+00, 1.81053005e+00, 8.42717094e-01
1.76602235e+01, 1.83370365e+00, 1.83370365e+00, 8.51716992e-01
1.91958951e+01, 1.85316693e+00, 1.85316693e+00, 8.59105132e-01
2.07315667e+01, 1.86962661e+00, 1.86962661e+00, 8.65257905e-01
2.22672383e+01, 1.88363395e+00, 1.88363395e+00, 8.70183637e-01
2.38029099e+01, 1.89560592e+00, 1.89560592e+00, 8.74298782e-01
2.53385815e+01, 1.90586760e+00, 1.90586760e+00, 8.77879262e-01
2.68742531e+01, 1.91469463e+00, 1.91469463e+00, 8.80804815e-01
2.84099247e+01, 1.92228489e+00, 1.92228489e+00, 8.83171809e-01
2.99455963e+01, 1.92881505e+00, 1.92881505e+00, 8.85192366e-01
3.14812679e+01, 1.93443353e+00, 1.93443353e+00, 8.86904900e-01
3.30169395e+01, 1.93924635e+00, 1.93924635e+00, 8.88210974e-01
3.45526111e+01, 1.94335950e+00, 1.94335950e+00, 8.89392392e-01
3.60882827e+01, 1.94685780e+00, 1.94685780e+00, 8.90253311e-01
3.76239544e+01, 1.94980486e+00, 1.94980486e+00, 8.90919772e-01
3.91596260e+01, 1.95227134e+00, 1.95227134e+00, 8.91462505e-01
4.06952976e+01, 1.95429965e+00, 1.95429965e+00, 8.91738641e-01
4.22309692e+01, 1.95594632e+00, 1.95594632e+00, 8.92031703e-01
4.37666408e+01, 1.95723963e+00, 1.95723963e+00, 8.92107517e-01
4.53023124e+01, 1.95821492e+00, 1.95821492e+00, 8.92015906e-01
4.68379840e+01, 1.95890751e+00, 1.95890751e+00, 8.91954718e-01
4.83736556e+01, 1.95934568e+00, 1.95934568e+00, 8.91754035e-01
4.99093272e+01, 1.95954356e+00, 1.95954356e+00, 8.91388081e-01
5.14449988e+01, 1.95952943e+00, 1.95952943e+00, 8.91193297e-01
5.29806704e+01, 1.95932448e+00, 1.95932448e+00, 8.90730565e-01
5.45163420e+01, 1.95893578e+00, 1.95893578e+00, 8.90107497e-01
5.60520136e+01, 1.95838453e+00, 1.95838453e+00, 8.89637001e-01
5.75876852e+01, 1.95768487e+00, 1.95768487e+00, 8.89017045e-01
5.91233568e+01, 1.95684386e+00, 1.95684386e+00, 8.88547929e-01
6.06590285e+01, 1.95587565e+00, 1.95587565e+00, 8.87887504e-01
6.21947001e+01, 1.95479435e+00, 1.95479435e+00, 8.86877477e-01
6.37303717e+01, 1.95359999e+00, 1.95359999e+00, 8.86270013e-01
6.52660433e+01, 1.95230667e+00, 1.95230667e+00, 8.85689812e-01
6.68017149e+01, 1.95092149e+00, 1.95092149e+00, 8.84715819e-01
6.83373865e+01, 1.94944443e+00, 1.94944443e+00, 8.83882360e-01
6.98730581e+01, 1.94789669e+00, 1.94789669e+00, 8.83000740e-01
7.14087297e+01, 1.94626415e+00, 1.94626415e+00, 8.82122035e-01
7.29444013e+01, 1.94456801e+00, 1.94456801e+00, 8.81296606e-01
7.44800729e+01, 1.94280119e+00, 1.94280119e+00, 8.80307349e-01
7.60157445e+01, 1.94098490e+00, 1.94098490e+00, 8.79457370e-01
7.75514161e+01, 1.93910500e+00, 1.93910500e+00, 8.78245090e-01
7.90870877e+01, 1.93716857e+00, 1.93716857e+00, 8.77250361e-01
8.06227593e+01, 1.93518973e+00, 1.93518973e+00, 8.76520598e-01
8.21584309e+01, 1.93316142e+00, 1.93316142e+00, 8.75520506e-01
8.36941025e+01, 1.93109071e+00, 1.93109071e+00, 8.74566731e-01
8.52297742e+01, 1.92898466e+00, 1.92898466e+00, 8.73388758e-01
8.67654458e+01, 1.92683621e+00, 1.92683621e+00, 8.72309835e-01
8.83011174e+01, 1.92465242e+00, 1.92465242e+00, 8.71358728e-01
8.98367890e+01, 1.92243330e+00, 1.92243330e+00, 8.70257033e-01
9.13724606e+01, 1.92018591e+00, 1.92018591e+00, 8.69335565e-01
9.29081322e+01, 1.91790317e+00, 1.91790317e+00, 8.68305153e-01
9.44438038e+01, 1.91559924e+00, 1.91559924e+00, 8.67183404e-01
9.59794754e+01, 1.91326704e+00, 1.91326704e+00, 8.65984881e-01
9.75151470e+01, 1.91091364e+00, 1.91091364e+00, 8.64726815e-01
9.90508186e+01, 1.90853197e+00, 1.90853197e+00, 8.63761583e-01
1.00586490e+02, 1.90612909e+00, 1.90612909e+00, 8.62776168e-01
1.02122162e+02, 1.90370502e+00, 1.90370502e+00, 8.61787107e-01
1.03657833e+02, 1.90126681e+00, 1.90126681e+00, 8.60810707e-01
1.05193505e+02, 1.89880740e+00, 1.89880740e+00, 8.59506047e-01
1.06729177e+02, 1.89633385e+00, 1.89633385e+00, 8.58235472e-01
1.08264848e+02, 1.89383910e+00, 1.89383910e+00, 8.57012268e-01
1.09800520e+02, 1.89133022e+00, 1.89133022e+00, 8.56218479e-01
1.11336191e+02, 1.88880720e+00, 1.88880720e+00, 8.55140754e-01
1.12871863e+02, 1.88627005e+00, 1.88627005e+00, 8.53781318e-01
1.14407535e+02, 1.88371876e+00, 1.88371876e+00, 8.52896174e-01
1.15943206e+02, 1.88115334e+00, 1.88115334e+00, 8.51751615e-01
1.17478878e+02, 1.87858085e+00, 1.87858085e+00, 8.50347282e-01
1.19014549e+02, 1.87599423e+00, 1.87599423e+00, 8.49464389e-01
1.20550221e+02, 1.87340054e+00, 1.87340054e+00, 8.48342108e-01
1.22085893e+02, 1.87079271e+00, 1.87079271e+00, 8.46982310e-01
1.23621564e+02, 1.86817782e+00, 1.86817782e+00, 8.46187408e-01
1.25157236e+02, 1.86555586e+00, 1.86555586e+00, 8.45173557e-01
1.26692908e+02, 1.86291977e+00, 1.86291977e+00, 8.43537556e-01
1.28228579e+02, 1.86027661e+00, 1.86027661e+00, 8.42501301e-01
1.29764251e+02, 1.85762638e+00, 1.85762638e+00, 8.41673959e-01
1.31299922e+02, 1.85496908e+00, 1.85496908e+00, 8.40231919e-01
1.32835594e+02, 1.85230472e+00, 1.85230472e+00, 8.39431841e-01
1.34371266e+02, 1.84963329e+00, 1.84963329e+00, 8.38445271e-01
1.35906937e+02, 1.84696186e+00, 1.84696186e+00, 8.36845983e-01
1.37442609e+02, 1.84427630e+00, 1.84427630e+00, 8.35922559e-01
1.38978280e+02, 1.84158366e+00, 1.84158366e+00, 8.34823933e-01
1.40513952e+02, 1.83889103e+00, 1.83889103e+00, 8.33552486e-01
1.42049624e+02, 1.83619133e+00, 1.83619133e+00, 8.32553171e-01
1.43585295e+02, 1.83348457e+00, 1.83348457e+00, 8.31390533e-01
1.45120967e+02, 1.83077073e+00, 1.83077073e+00, 8.30515253e-01
1.46656638e+02, 1.82804983e+00, 1.82804983e+00, 8.29034112e-01
1.48192310e+02, 1.82532893e+00, 1.82532893e+00, 8.27850492e-01
1.49727982e+02, 1.82260803e+00, 1.82260803e+00, 8.26974629e-01
1.51263653e+02, 1.81987299e+00, 1.81987299e+00, 8.25956758e-01
1.52799325e+02, 1.81713796e+00, 1.81713796e+00, 8.24796077e-01
1.54334996e+02, 1.81440292e+00, 1.81440292e+00, 8.23495568e-01
1.55870668e+02, 1.81166082e+00, 1.81166082e+00, 8.22526904e-01
1.57406340e+02, 1.80891165e+00, 1.80891165e+00, 8.20951337e-01
1.58942011e+02, 1.80616248e+00, 1.80616248e+00, 8.20196784e-01
1.60477683e+02, 1.80340624e+00, 1.80340624e+00, 8.19318384e-01
1.62013354e+02, 1.80065000e+00, 1.80065000e+00, 8.17832015e-01
1.63549026e+02, 1.79788670e+00, 1.79788670e+00, 8.16706564e-01
1.65084698e+02, 1.79512339e+00, 1.79512339e+00, 8.15461008e-01
1.66620369e+02, 1.79235302e+00, 1.79235302e+00, 8.14590569e-01
1.68156041e+02, 1.78958265e+00, 1.78958265e+00, 8.13607070e-01
1.69691712e+02, 1.78680521e+00, 1.78680521e+00, 8.12513108e-01
1.71227384e+02, 1.78402777e+00, 1.78402777e+00, 8.11308671e-01
1.72763056e+02, 1.78124326e+00, 1.78124326e+00, 8.09994615e-01
1.74298727e+02, 1.77845876e+00, 1.77845876e+00, 8.09080977e-01
1.75834399e+02, 1.77567425e+00, 1.77567425e+00, 8.08065250e-01
1.77370071e+02, 1.77288268e+00, 1.77288268e+00, 8.06949052e-01
1.78905742e+02, 1.77008403e+00, 1.77008403e+00, 8.05733152e-01
1.80441414e+02, 1.76728539e+00, 1.76728539e+00, 8.04417501e-01
1.81977085e+02, 1.76448675e+00, 1.76448675e+00, 8.03526356e-01
1.83512757e+02, 1.76168104e+00, 1.76168104e+00, 8.02544227e-01
1.85048429e+02, 1.75887533e+00, 1.75887533e+00, 8.01470190e-01
1.86584100e+02, 1.75606963e+00, 1.75606963e+00, 8.00303366e-01
1.88119772e+02, 1.75325685e+00, 1.75325685e+00, 7.99050841e-01
1.89655443e+02, 1.75043701e+00, 1.75043701e+00, 7.97712450e-01
1.91191115e+02, 1.74761716e+00, 1.74761716e+00, 7.96820860e-01
1.92726787e+02, 1.74479732e+00, 1.74479732e+00, 7.95842305e-01
1.94262458e+02, 1.74197041e+00, 1.74197041e+00, 7.94247832e-01
1.95798130e+02, 1.73914350e+00, 1.73914350e+00, 7.93657886e-01
1.97333801e+02, 1.73630952e+00, 1.73630952e+00, 7.92437806e-01
1.98869473e+02, 1.73347555e+00, 1.73347555e+00, 7.91141017e-01
2.00405145e+02, 1.73064157e+00, 1.73064157e+00, 7.90323486e-01
2.01940816e+02, 1.72780052e+00, 1.72780052e+00, 7.88877510e-01
2.03476488e+02, 1.72495241e+00, 1.72495241e+00, 7.87909467e-01
2.05012159e+02, 1.72210430e+00, 1.72210430e+00, 7.86872008e-01
2.06547831e+02, 1.71925619e+00, 1.71925619e+00, 7.85765644e-01
2.08083503e+02, 1.71640101e+00, 1.71640101e+00, 7.84583557e-01
2.09619174e+02, 1.71354583e+00, 1.71354583e+00, 7.83333667e-01
2.11154846e+02, 1.71068358e+00, 1.71068358e+00, 7.82588969e-01
2.12690517e+02, 1.70782133e+00, 1.70782133e+00, 7.81207352e-01
2.14226189e+02, 1.70495202e+00, 1.70495202e+00, 7.79752276e-01
2.15761861e+02, 1.70208271e+00, 1.70208271e+00, 7.79390440e-01
2.17297532e+02, 1.69920633e+00, 1.69920633e+00, 7.78390790e-01
2.18833204e+02, 1.69632994e+00, 1.69632994e+00, 7.76739867e-01
2.20368876e+02, 1.69345356e+00, 1.69345356e+00, 7.75618052e-01
2.21904547e+02, 1.69057011e+00, 1.69057011e+00, 7.74429970e-01
2.23440219e+02, 1.68767960e+00, 1.68767960e+00, 7.73183117e-01
2.24975890e+02, 1.68478908e+00, 1.68478908e+00, 7.72470778e-01
2.26511562e+02, 1.68189150e+00, 1.68189150e+00, 7.71103001e-01
2.28047234e+02, 1.67899392e+00, 1.67899392e+00, 7.69677840e-01
2.29582905e+02, 1.67608927e+00, 1.67608927e+00, 7.69400982e-01
2.31118577e+02, 1.67318462e+00, 1.67318462e+00, 7.67866521e-01
2.32654248e+02, 1.67027290e+00, 1.67027290e+00, 7.66275970e-01
2.34189920e+02, 1.66736118e+00, 1.66736118e+00, 7.65833885e-01
2.35725592e+02, 1.66444240e+00, 1.66444240e+00, 7.64743990e-01
2.37261263e+02, 1.66151654e+00, 1.66151654e+00, 7.62987238e-01
2.38796935e+02, 1.65859069e+00, 1.65859069e+00, 7.61794179e-01
2.40332606e+02, 1.65565777e+00, 1.65565777e+00, 7.61157875e-01
2.41868278e+02, 1.65272485e+00, 1.65272485e+00, 7.59860589e-01
2.43403950e+02, 1.64978487e+00, 1.64978487e+00, 7.58514092e-01
2.44939621e+02, 1.64684488e+00, 1.64684488e+00, 7.57737835e-01
2.46475293e+02, 1.64389782e+00, 1.64389782e+00, 7.56295931e-01
2.48010964e+02, 1.64094370e+00, 1.64094370e+00, 7.54805940e-01
2.49546636e+02, 1.63798958e+00, 1.63798958e+00, 7.54517447e-01
2.51082308e+02, 1.63502839e+00, 1.63502839e+00, 7.52929663e-01
2.52617979e+02, 1.63206720e+00, 1.63206720e+00, 7.51929478e-01
2.54153651e+02, 1.62909895e+00, 1.62909895e+00, 7.50886210e-01
2.55689322e+02, 1.62612363e+00, 1.62612363e+00, 7.49168502e-01
2.57224994e+02, 1.62314124e+00, 1.62314124e+00, 7.48032047e-01
2.58760666e+02, 1.62015885e+00, 1.62015885e+00, 7.46859771e-01
2.60296337e+02, 1.61717645e+00, 1.61717645e+00, 7.46282467e-01
2.61832009e+02, 1.61417993e+00, 1.61417993e+00, 7.45022400e-01
2.63367680e+02, 1.61118340e+00, 1.61118340e+00, 7.43727371e-01
2.64903352e+02, 1.60817981e+00, 1.60817981e+00, 7.42391486e-01
2.66439024e+02, 1.60517622e+00, 1.60517622e+00, 7.41015063e-01
2.67974695e+02, 1.60216556e+00, 1.60216556e+00, 7.40243232e-01
2.69510367e+02, 1.59914783e+00, 1.59914783e+00, 7.38788235e-01
2.71046039e+02, 1.59613011e+00, 1.59613011e+00, 7.37293634e-01
2.72581710e+02, 1.59309825e+00, 1.59309825e+00, 7.36415147e-01
2.74117382e+02, 1.59006638e+00, 1.59006638e+00, 7.35494627e-01
2.75653053e+02, 1.58703452e+00, 1.58703452e+00, 7.33891981e-01
2.77188725e+02, 1.58398853e+00, 1.58398853e+00, 7.32898760e-01
2.78724397e+02, 1.58094253e+00, 1.58094253e+00, 7.31876244e-01
2.80260068e+02, 1.57788947e+00, 1.57788947e+00, 7.30162102e-01
2.81795740e+02, 1.57482934e+00, 1.57482934e+00, 7.29068448e-01
2.83331411e+02, 1.57176921e+00, 1.57176921e+00, 7.27946172e-01
2.84867083e+02, 1.56870201e+00, 1.56870201e+00, 7.26783803e-01
2.86402755e+02, 1.56562774e+00, 1.56562774e+00, 7.25593278e-01
2.87938426e+02, 1.56254641e+00, 1.56254641e+00, 7.24369000e-01
2.89474098e+02, 1.55946508e+00, 1.55946508e+00, 7.23111223e-01
2.91009769e+02, 1.55636961e+00, 1.55636961e+00, 7.21160055e-01
2.92545441e+02, 1.55327415e+00, 1.55327415e+00, 7.20501914e-01
2.94081113e+02, 1.55017161e+00, 1.55017161e+00, 7.19819204e-01
2.95616784e+02, 1.54706908e+00, 1.54706908e+00, 7.17772942e-01
2.97152456e+02, 1.54395241e+00, 1.54395241e+00, 7.16357062e-01
2.98688127e+02, 1.54083574e+00, 1.54083574e+00, 7.15586721e-01
3.00223799e+02, 1.53771201e+00, 1.53771201e+00, 7.14113808e-01
3.01759471e+02, 1.53458120e+00, 1.53458120e+00, 7.12614929e-01
3.03295142e+02, 1.53144333e+00, 1.53144333e+00, 7.11754400e-01
3.04830814e+02, 1.52829839e+00, 1.52829839e+00, 7.10199734e-01
3.06366485e+02, 1.52515346e+00, 1.52515346e+00, 7.09286057e-01
3.07902157e+02, 1.52199438e+00, 1.52199438e+00, 7.07670891e-01
3.09437829e+02, 1.51883531e+00, 1.51883531e+00, 7.06025301e-01
3.10973500e+02, 1.51566917e+00, 1.51566917e+00, 7.05035562e-01
3.12509172e+02, 1.51249597e+00, 1.51249597e+00, 7.04017848e-01
3.14044843e+02, 1.50931569e+00, 1.50931569e+00, 7.02977808e-01
3.15580515e+02, 1.50612835e+00, 1.50612835e+00, 7.01221247e-01
3.17116187e+02, 1.50294101e+00, 1.50294101e+00, 6.99446262e-01
3.18651858e+02, 1.49973953e+00, 1.49973953e+00, 6.98327495e-01
3.20187530e+02, 1.49653806e+00, 1.49653806e+00, 6.97181684e-01
3.21723202e+02, 1.49332951e+00, 1.49332951e+00, 6.95327309e-01
3.23258873e+02, 1.49011390e+00, 1.49011390e+00, 6.94132464e-01
3.24794545e+02, 1.48689123e+00, 1.48689123e+00, 6.93605254e-01
3.26330216e+02, 1.48366148e+00, 1.48366148e+00, 6.91674155e-01
3.27865888e+02, 1.48042467e+00, 1.48042467e+00, 6.90411008e-01
3.29401560e+02, 1.47718079e+00, 1.47718079e+00, 6.89127174e-01
3.30937231e+02, 1.47393691e+00, 1.47393691e+00, 6.87125557e-01
3.32472903e+02, 1.47067889e+00, 1.47067889e+00, 6.86482256e-01
3.34008574e+02, 1.46742088e+00, 1.46742088e+00, 6.85132029e-01
3.35544246e+02, 1.46414873e+00, 1.46414873e+00, 6.83057112e-01
3.37079918e+02, 1.46087658e+00, 1.46087658e+00, 6.81660987e-01
3.38615589e+02, 1.45759737e+00, 1.45759737e+00, 6.80935471e-01
3.40151261e+02, 1.45430402e+00, 1.45430402e+00, 6.79490328e-01
3.41686932e+02, 1.45101067e+00, 1.45101067e+00, 6.77334081e-01
3.43222604e+02, 1.44771025e+00, 1.44771025e+00, 6.75849609e-01
3.44758276e+02, 1.44440276e+00, 1.44440276e+00, 6.75044104e-01
3.46293947e+02, 1.44108821e+00, 1.44108821e+00, 6.73517032e-01
3.47829619e+02, 1.43776659e+00, 1.43776659e+00, 6.71971148e-01
3.49365290e+02, 1.43443790e+00, 1.43443790e+00, 6.70406596e-01
3.50900962e+02, 1.43110215e+00, 1.43110215e+00, 6.68818457e-01
3.52436634e+02, 1.42775933e+00, 1.42775933e+00, 6.67917873e-01
3.53972305e+02, 1.42441651e+00, 1.42441651e+00, 6.66293664e-01
3.55507977e+02, 1.42105955e+00, 1.42105955e+00, 6.63949527e-01
3.57043648e+02, 1.41769553e+00, 1.41769553e+00, 6.62986147e-01
3.58579320e+02, 1.41433150e+00, 1.41433150e+00, 6.62010916e-01
3.60114992e+02, 1.41095335e+00, 1.41095335e+00, 6.60310726e-01
3.61650663e+02, 1.40756812e+00, 1.40756812e+00, 6.58593044e-01
3.63186335e+02, 1.40418290e+00, 1.40418290e+00, 6.56858014e-01
3.64722007e+02, 1.40078354e+00, 1.40078354e+00, 6.55105778e-01
3.66257678e+02, 1.39738418e+00, 1.39738418e+00, 6.54036347e-01
3.67793350e+02, 1.39397068e+00, 1.39397068e+00, 6.52955637e-01
3.69329021e+02, 1.39055719e+00, 1.39055719e+00, 6.50442977e-01
3.70864693e+02, 1.38712956e+00, 1.38712956e+00, 6.49329499e-01
3.72400365e+02, 1.38370193e+00, 1.38370193e+00, 6.48195265e-01
3.73936036e+02, 1.38026723e+00, 1.38026723e+00, 6.45632494e-01
3.75471708e+02, 1.37681840e+00, 1.37681840e+00, 6.44466266e-01
3.77007379e+02, 1.37336957e+00, 1.37336957e+00, 6.43284487e-01
3.78543051e+02, 1.36991368e+00, 1.36991368e+00, 6.41384915e-01
3.80078723e+02, 1.36645071e+00, 1.36645071e+00, 6.39464713e-01
3.81614394e+02, 1.36297361e+00, 1.36297361e+00, 6.38236427e-01
3.83150066e+02, 1.35949651e+00, 1.35949651e+00, 6.36993004e-01
3.84685737e+02, 1.35601234e+00, 1.35601234e+00, 6.35026593e-01
3.86221409e+02, 1.35252111e+00, 1.35252111e+00, 6.33049655e-01
3.87757081e+02, 1.34902281e+00, 1.34902281e+00, 6.31761092e-01
3.89292752e+02, 1.34551744e+00, 1.34551744e+00, 6.30457806e-01
3.90828424e+02, 1.34200500e+00, 1.34200500e+00, 6.27727604e-01
3.92364095e+02, 1.33848550e+00, 1.33848550e+00, 6.26394952e-01
3.93899767e+02, 1.33495893e+00, 1.33495893e+00, 6.25052569e-01
3.95435439e+02, 1.33142529e+00, 1.33142529e+00, 6.23695854e-01
3.96971110e+02, 1.32788459e+00, 1.32788459e+00, 6.21616103e-01
3.98506782e+02, 1.32433681e+00, 1.32433681e+00, 6.19522136e-01
4.00042453e+02, 1.32078904e+00, 1.32078904e+00, 6.18836437e-01
4.01578125e+02, 1.31722713e+00, 1.31722713e+00, 6.16714463e-01
4.03113797e+02, 1.31365816e+00, 1.31365816e+00, 6.14583266e-01
4.04649468e+02, 1.31008919e+00, 1.31008919e+00, 6.13147203e-01
4.06185140e+02, 1.30650608e+00, 1.30650608e+00, 6.10988697e-01
4.07720811e+02, 1.30292297e+00, 1.30292297e+00, 6.09530065e-01
4.09256483e+02, 1.29932573e+00, 1.29932573e+00, 6.08057979e-01
4.10792155e+02, 1.29572848e+00, 1.29572848e+00, 6.05863924e-01
4.12327826e+02, 1.29212417e+00, 1.29212417e+00, 6.04365315e-01
4.13863498e+02, 1.28851279e+00, 1.28851279e+00, 6.02858067e-01
4.15399170e+02, 1.28489435e+00, 1.28489435e+00, 6.00629453e-01
4.16934841e+02, 1.28126884e+00, 1.28126884e+00, 5.99096285e-01
4.18470513e+02, 1.27763626e+00, 1.27763626e+00, 5.97554721e-01
4.20006184e+02, 1.27399661e+00, 1.27399661e+00, 5.95292523e-01
4.21541856e+02, 1.27034989e+00, 1.27034989e+00, 5.93017986e-01
4.23077528e+02, 1.26670318e+00, 1.26670318e+00, 5.91443146e-01
4.24613199e+02, 1.26304233e+00, 1.26304233e+00, 5.89860228e-01
4.26148871e+02, 1.25938148e+00, 1.25938148e+00, 5.88260476e-01
4.27684542e+02, 1.25571357e+00, 1.25571357e+00, 5.86652816e-01
4.29220214e+02, 1.25203858e+00, 1.25203858e+00, 5.84330744e-01
4.30755886e+02, 1.24835653e+00, 1.24835653e+00, 5.81997032e-01
4.32291557e+02, 1.24466741e+00, 1.24466741e+00, 5.80362213e-01
4.33827229e+02, 1.24097123e+00, 1.24097123e+00, 5.78715435e-01
4.35362900e+02, 1.23727504e+00, 1.23727504e+00, 5.76351346e-01
4.36898572e+02, 1.23357179e+00, 1.23357179e+00, 5.74685577e-01
4.38434244e+02, 1.22986147e+00, 1.22986147e+00, 5.73012440e-01
4.39969915e+02, 1.22614408e+00, 1.22614408e+00, 5.71327700e-01
4.41505587e+02, 1.22241963e+00, 1.22241963e+00, 5.68931618e-01
4.43041258e+02, 1.21869518e+00, 1.21869518e+00, 5.67228592e-01
4.44576930e+02, 1.21495659e+00, 1.21495659e+00, 5.65518506e-01
4.46112602e+02, 1.21121800e+00, 1.21121800e+00, 5.63098428e-01
4.47648273e+02, 1.20747941e+00, 1.20747941e+00, 5.61370575e-01
4.49183945e+02, 1.20372669e+00, 1.20372669e+00, 5.58933706e-01
4.50719616e+02, 1.19997396e+00, 1.19997396e+00, 5.57188456e-01
4.52255288e+02, 1.19621417e+00, 1.19621417e+00, 5.55436528e-01
4.53790960e+02, 1.19244731e+00, 1.19244731e+00, 5.52977127e-01
4.55326631e+02, 1.18867339e+00, 1.18867339e+00, 5.51212493e-01
4.56862303e+02, 1.18489946e+00, 1.18489946e+00, 5.49437222e-01
4.58397974e+02, 1.18111847e+00, 1.18111847e+00, 5.47655558e-01
4.59933646e+02, 1.17733748e+00, 1.17733748e+00, 5.45168631e-01
4.61469318e+02, 1.17354235e+00, 1.17354235e+00, 5.42672339e-01
4.63004989e+02, 1.16974722e+00, 1.16974722e+00, 5.40868821e-01
4.64540661e+02, 1.16595210e+00, 1.16595210e+00, 5.39059208e-01
4.66076333e+02, 1.16214990e+00, 1.16214990e+00, 5.37243563e-01
4.67612004e+02, 1.15834064e+00, 1.15834064e+00, 5.35421950e-01
4.69147676e+02, 1.15452431e+00, 1.15452431e+00, 5.32894681e-01
4.70683347e+02, 1.15070798e+00, 1.15070798e+00, 5.30366803e-01
4.72219019e+02, 1.14689165e+00, 1.14689165e+00, 5.28524820e-01
4.73754691e+02, 1.14306119e+00, 1.14306119e+00, 5.26677166e-01
4.75290362e+02, 1.13923779e+00, 1.13923779e+00, 5.24130609e-01
4.76826034e+02, 1.13540026e+00, 1.13540026e+00, 5.22272428e-01
4.78361705e+02, 1.13156273e+00, 1.13156273e+00, 5.20408777e-01
4.79897377e+02, 1.12772520e+00, 1.12772520e+00, 5.17848333e-01
4.81433049e+02, 1.12388060e+00, 1.12388060e+00, 5.15283860e-01
4.82968720e+02, 1.12003601e+00, 1.12003601e+00, 5.13401573e-01
4.84504392e+02, 1.11618434e+00, 1.11618434e+00, 5.11518045e-01
4.86040063e+02, 1.11233267e+00, 1.11233267e+00, 5.08940698e-01
4.87575735e+02, 1.10847394e+00, 1.10847394e+00, 5.07043765e-01
4.89111407e+02, 1.10461521e+00, 1.10461521e+00, 5.05145756e-01
4.90647078e+02, 1.10074941e+00, 1.10074941e+00, 5.02556266e-01
4.92182750e+02, 1.09688361e+00, 1.09688361e+00, 4.99963372e-01
4.93718421e+02, 1.09301781e+00, 1.09301781e+00, 4.98048397e-01
4.95254093e+02, 1.08915201e+00, 1.08915201e+00, 4.96132568e-01
4.96789765e+02, 1.08527914e+00, 1.08527914e+00, 4.94212085e-01
4.98325436e+02, 1.08139921e+00, 1.08139921e+00, 4.91608045e-01
4.99861108e+02, 1.07752634e+00, 1.07752634e+00, 4.88997215e-01
5.01396779e+02, 1.07364641e+00, 1.07364641e+00, 4.87064732e-01
5.02932451e+02, 1.06976647e+00, 1.06976647e+00, 4.84451241e-01
5.04468123e+02, 1.06587947e+00, 1.06587947e+00, 4.81835036e-01
5.06003794e+02, 1.06199954e+00, 1.06199954e+00, 4.79894989e-01
5.07539466e+02, 1.05811253e+00, 1.05811253e+00, 4.77950755e-01
5.09075137e+02, 1.05422553e+00, 1.05422553e+00, 4.75325296e-01
5.10610809e+02, 1.05033853e+00, 1.05033853e+00, 4.72701188e-01
5.12146481e+02, 1.04645153e+00, 1.04645153e+00, 4.70750185e-01
5.13682152e+02, 1.04255746e+00, 1.04255746e+00, 4.68795250e-01
5.15217824e+02, 1.03867046e+00, 1.03867046e+00, 4.66166467e-01
5.16753496e+02, 1.03478346e+00, 1.03478346e+00, 4.63531975e-01
5.18289167e+02, 1.03088939e+00, 1.03088939e+00, 4.61571055e-01
5.19824839e+02, 1.02699532e+00, 1.02699532e+00, 4.58939124e-01
5.21360510e+02, 1.02310832e+00, 1.02310832e+00, 4.56301771e-01
5.22896182e+02, 1.01921425e+00, 1.01921425e+00, 4.54335449e-01
5.24431854e+02, 1.01532725e+00, 1.01532725e+00, 4.51701032e-01
5.25967525e+02, 1.01143318e+00, 1.01143318e+00, 4.49065046e-01
5.27503197e+02, 1.00754618e+00, 1.00754618e+00, 4.47093896e-01
5.29038868e+02, 1.00365917e+00, 1.00365917e+00, 4.44457640e-01
5.30574540e+02, 9.99772173e-01, 9.99772173e-01, 4.41820058e-01
5.32110212e+02, 9.95885171e-01, 9.95885171e-01, 4.39844663e-01
5.33645883e+02, 9.91998169e-01, 9.91998169e-01, 4.37207230e-01
5.35181555e+02, 9.88118235e-01, 9.88118235e-01, 4.34572198e-01
5.36717226e+02, 9.84231233e-01, 9.84231233e-01, 4.31936148e-01
5.38252898e+02, 9.80351299e-01, 9.80351299e-01, 4.29958622e-01
5.39788570e+02, 9.76478432e-01, 9.76478432e-01, 4.27323245e-01
5.41324241e+02, 9.72605564e-01, 9.72605564e-01, 4.24690519e-01
5.42859913e+02, 9.68732697e-01, 9.68732697e-01, 4.22713470e-01
5.44395584e+02, 9.64859830e-01, 9.64859830e-01, 4.19423031e-01
5.45931256e+02, 9.60994030e-01, 9.60994030e-01, 4.17449523e-01
5.47466928e+02, 9.57128230e-01, 9.57128230e-01, 4.14820167e-01
5.49002599e+02, 9.53269498e-01, 9.53269498e-01, 4.12190409e-01
5.50538271e+02, 9.49410765e-01, 9.49410765e-01, 4.10214812e-01
5.52073942e+02, 9.45559100e-01, 9.45559100e-01, 4.06940020e-01
5.53609614e+02, 9.41714502e-01, 9.41714502e-01, 4.04316183e-01
5.55145286e+02, 9.37869904e-01, 9.37869904e-01, 4.02346735e-01
5.56680957e+02, 9.34025306e-01, 9.34025306e-01, 3.99724964e-01
5.58216629e+02, 9.30194842e-01, 9.30194842e-01, 3.96464070e-01
5.59752301e+02, 9.26364379e-01, 9.26364379e-01, 3.93850086e-01
5.61287972e+02, 9.22540983e-01, 9.22540983e-01, 3.91883013e-01
5.62823644e+02, 9.18717586e-01, 9.18717586e-01, 3.89274806e-01
5.64359315e+02, 9.14908325e-01, 9.14908325e-01, 3.86670114e-01
5.65894987e+02, 9.11099063e-01, 9.11099063e-01, 3.84065803e-01
5.67430659e+02, 9.07296869e-01, 9.07296869e-01, 3.81468299e-01
5.68966330e+02, 9.03501741e-01, 9.03501741e-01, 3.78871303e-01
5.70502002e+02, 8.99713682e-01, 8.99713682e-01, 3.75641363e-01
5.72037673e+02, 8.95932689e-01, 8.95932689e-01, 3.73049933e-01
5.73573345e+02, 8.92151697e-01, 8.92151697e-01, 3.71099826e-01
5.75109017e+02, 8.88384839e-01, 8.88384839e-01, 3.68518079e-01
5.76644688e+02, 8.84625048e-01, 8.84625048e-01, 3.65308239e-01
5.78180360e+02, 8.80879392e-01, 8.80879392e-01, 3.62732525e-01
5.79716031e+02, 8.77133735e-01, 8.77133735e-01, 3.60163902e-01
5.81251703e+02, 8.73395147e-01, 8.73395147e-01, 3.56967875e-01
5.82787375e+02, 8.69670692e-01, 8.69670692e-01, 3.54408661e-01
5.84323046e+02, 8.65953305e-01, 8.65953305e-01, 3.52476713e-01
5.85858718e+02, 8.62250053e-01, 8.62250053e-01, 3.49299847e-01
5.87394389e+02, 8.58546800e-01, 8.58546800e-01, 3.46129665e-01
5.88930061e+02, 8.54857682e-01, 8.54857682e-01, 3.44211117e-01
5.90465733e+02, 8.51182699e-01, 8.51182699e-01, 3.41673280e-01
5.92001404e+02, 8.47514783e-01, 8.47514783e-01, 3.38519858e-01
5.93537076e+02, 8.43861001e-01, 8.43861001e-01, 3.35373358e-01
5.95072747e+02, 8.40214287e-01, 8.40214287e-01, 3.32851379e-01
5.96608419e+02, 8.36581707e-01, 8.36581707e-01, 3.30336811e-01
5.98144091e+02, 8.32956194e-01, 8.32956194e-01, 3.27826827e-01
5.99679762e+02, 8.29344816e-01, 8.29344816e-01, 3.24707662e-01
6.01215434e+02, 8.25747573e-01, 8.25747573e-01, 3.21595679e-01
6.02751105e+02, 8.22157397e-01, 8.22157397e-01, 3.19105016e-01
6.04286777e+02, 8.18588423e-01, 8.18588423e-01, 3.16619107e-01
6.05822449e+02, 8.15026516e-01, 8.15026516e-01, 3.14140735e-01
6.07358120e+02, 8.11478743e-01, 8.11478743e-01, 3.10449396e-01
6.08893792e+02, 8.07945105e-01, 8.07945105e-01, 3.07985950e-01
6.10429464e+02, 8.04432669e-01, 8.04432669e-01, 3.05524720e-01
6.11965135e+02, 8.00927300e-01, 8.00927300e-01, 3.02467396e-01
6.13500807e+02, 7.97436066e-01, 7.97436066e-01, 2.99420248e-01
6.15036478e+02, 7.93966034e-01, 7.93966034e-01, 2.96380664e-01
6.16572150e+02, 7.90503069e-01, 7.90503069e-01, 2.93951199e-01
6.18107822e+02, 7.87061305e-01, 7.87061305e-01, 2.91526818e-01
6.19643493e+02, 7.83640744e-01, 7.83640744e-01, 2.88512798e-01
6.21179165e+02, 7.80227250e-01, 7.80227250e-01, 2.85509040e-01
6.22714836e+02, 7.76834957e-01, 7.76834957e-01, 2.82513025e-01
6.24250508e+02, 7.73463867e-01, 7.73463867e-01, 2.79527315e-01
6.25786180e+02, 7.70106911e-01, 7.70106911e-01, 2.77144097e-01
6.27321851e+02, 7.66764089e-01, 7.66764089e-01, 2.74175248e-01
6.28857523e+02, 7.63442469e-01, 7.63442469e-01, 2.71219183e-01
6.30393194e+02, 7.60142052e-01, 7.60142052e-01, 2.68271005e-01
6.31928866e+02, 7.56855768e-01, 7.56855768e-01, 2.65333174e-01
6.33464538e+02, 7.53590687e-01, 7.53590687e-01, 2.62991416e-01
6.35000209e+02, 7.50353875e-01, 7.50353875e-01, 2.60072985e-01
6.36535881e+02, 7.47124130e-01, 7.47124130e-01, 2.56581759e-01
6.38071552e+02, 7.43922654e-01, 7.43922654e-01, 2.53687625e-01
6.39607224e+02, 7.40742380e-01, 7.40742380e-01, 2.50801505e-01
6.41142896e+02, 7.37583307e-01, 7.37583307e-01, 2.48504997e-01
6.42678567e+02, 7.34445437e-01, 7.34445437e-01, 2.45640530e-01
6.44214239e+02, 7.31328768e-01, 7.31328768e-01, 2.42209677e-01
6.45749910e+02, 7.28233301e-01, 7.28233301e-01, 2.39367105e-01
6.47285582e+02, 7.25159036e-01, 7.25159036e-01, 2.36537022e-01
6.48821254e+02, 7.22113041e-01, 7.22113041e-01, 2.33717200e-01
6.50356925e+02, 7.19088246e-01, 7.19088246e-01, 2.30336086e-01
6.51892597e+02, 7.16091722e-01, 7.16091722e-01, 2.27540185e-01
6.53428268e+02, 7.13116398e-01, 7.13116398e-01, 2.25325601e-01
6.54963940e+02, 7.10169344e-01, 7.10169344e-01, 2.21983186e-01
6.56499612e+02, 7.07243492e-01, 7.07243492e-01, 2.18653492e-01
6.58035283e+02, 7.04343082e-01, 7.04343082e-01, 2.15905757e-01
6.59570955e+02, 7.01470941e-01, 7.01470941e-01, 2.13168113e-01
6.61106627e+02, 6.98625656e-01, 6.98625656e-01, 2.09881840e-01
6.62642298e+02, 6.95807227e-01, 6.95807227e-01, 2.07169512e-01
6.64177970e+02, 6.93016359e-01, 6.93016359e-01, 2.04469125e-01
6.65713641e+02, 6.90253054e-01, 6.90253054e-01, 2.01221668e-01
6.67249313e+02, 6.87518725e-01, 6.87518725e-01, 1.97988495e-01
6.68784985e+02, 6.84813372e-01, 6.84813372e-01, 1.95327872e-01
6.70320656e+02, 6.82136995e-01, 6.82136995e-01, 1.92677045e-01
6.71856328e+02, 6.79490300e-01, 6.79490300e-01, 1.88931546e-01
6.73391999e+02, 6.76873288e-01, 6.76873288e-01, 1.86309861e-01
6.74927671e+02, 6.74287372e-01, 6.74287372e-01, 1.83699566e-01
6.76463343e+02, 6.71732551e-01, 6.71732551e-01, 1.79999683e-01
6.77999014e+02, 6.69209534e-01, 6.69209534e-01, 1.77416065e-01
6.79534686e+02, 6.66717613e-01, 6.66717613e-01, 1.74845285e-01
6.81070357e+02, 6.64258201e-01, 6.64258201e-01, 1.71193329e-01
6.82606029e+02, 6.61832005e-01, 6.61832005e-01, 1.68102717e-01
6.84141701e+02, 6.59439025e-01, 6.59439025e-01, 1.65571516e-01
6.85677372e+02, 6.57079262e-01, 6.57079262e-01, 1.62510730e-01
6.87213044e+02, 6.54754128e-01, 6.54754128e-01, 1.59462792e-01
6.88748715e+02, 6.52462917e-01, 6.52462917e-01, 1.56430687e-01
6.90284387e+02, 6.50207043e-01, 6.50207043e-01, 1.53412671e-01
6.91820059e+02, 6.47986505e-01, 6.47986505e-01, 1.50408584e-01
6.93355730e+02, 6.45801303e-01, 6.45801303e-01, 1.47419720e-01
6.94891402e+02, 6.43653558e-01, 6.43653558e-01, 1.44444414e-01
6.96427073e+02, 6.41541856e-01, 6.41541856e-01, 1.41483908e-01
6.97962745e+02, 6.39466904e-01, 6.39466904e-01, 1.38536589e-01
6.99498417e+02, 6.37430115e-01, 6.37430115e-01, 1.35069772e-01
7.01034088e+02, 6.35430783e-01, 6.35430783e-01, 1.32151966e-01
7.02569760e+02, 6.33470320e-01, 6.33470320e-01, 1.29779926e-01
7.04105432e+02, 6.31548728e-01, 6.31548728e-01, 1.26357761e-01
7.05641103e+02, 6.29666712e-01, 6.29666712e-01, 1.22951539e-01
7.07176775e+02, 6.27823567e-01, 6.27823567e-01, 1.20618142e-01
7.08712446e+02, 6.26021412e-01, 6.26021412e-01, 1.17239940e-01
7.10248118e+02, 6.24258833e-01, 6.24258833e-01, 1.13876546e-01
7.11783790e+02, 6.22537951e-01, 6.22537951e-01, 1.11580513e-01
7.13319461e+02, 6.20858060e-01, 6.20858060e-01, 1.08244486e-01
7.14855133e+02, 6.19219865e-01, 6.19219865e-01, 1.04922544e-01
7.16390804e+02, 6.17623368e-01, 6.17623368e-01, 1.02138447e-01
7.17926476e+02, 6.16069980e-01, 6.16069980e-01, 9.88433536e-02
7.19462148e+02, 6.14558997e-01, 6.14558997e-01, 9.60838154e-02
7.20997819e+02, 6.13091124e-01, 6.13091124e-01, 9.33358381e-02
7.22533491e+02, 6.11667068e-01, 6.11667068e-01, 9.00784270e-02
7.24069162e+02, 6.10286122e-01, 6.10286122e-01, 8.68335816e-02
7.25604834e+02, 6.08950407e-01, 6.08950407e-01, 8.36009109e-02
7.27140506e+02, 6.07659215e-01, 6.07659215e-01, 8.08986871e-02
7.28676177e+02, 6.06412548e-01, 6.06412548e-01, 7.76886902e-02
7.30211849e+02, 6.05211111e-01, 6.05211111e-01, 7.44898560e-02
7.31747520e+02, 6.04054905e-01, 6.04054905e-01, 7.18185275e-02
7.33283192e+02, 6.02944636e-01, 6.02944636e-01, 6.86402670e-02
7.34818864e+02, 6.01881011e-01, 6.01881011e-01, 6.54720896e-02
7.36354535e+02, 6.00863323e-01, 6.00863323e-01, 6.28286187e-02
7.37890207e+02, 5.99892279e-01, 5.99892279e-01, 5.96788615e-02
7.39425878e+02, 5.98968586e-01, 5.98968586e-01, 5.65379750e-02
7.40961550e+02, 5.98091538e-01, 5.98091538e-01, 5.34055206e-02
7.42497222e+02, 5.97262546e-01, 5.97262546e-01, 5.02811631e-02
7.44032893e+02, 5.96480199e-01, 5.96480199e-01, 4.71643471e-02
7.45568565e+02, 5.95746615e-01, 5.95746615e-01, 4.40547705e-02
7.47104236e+02, 5.95060383e-01, 5.95060383e-01, 4.14637794e-02
7.48639908e+02, 5.94422208e-01, 5.94422208e-01, 3.83668667e-02
7.50175580e+02, 5.93832797e-01, 5.93832797e-01, 3.52757929e-02
7.51711251e+02, 5.93292151e-01, 5.93292151e-01, 3.16791462e-02
7.53246923e+02, 5.92800268e-01, 5.92800268e-01, 2.85986998e-02
7.54782595e+02, 5.92356443e-01, 5.92356443e-01, 2.60331610e-02
7.56318266e+02, 5.91962089e-01, 5.91962089e-01, 2.29609431e-02
7.57853938e+02, 5.91617206e-01, 5.91617206e-01, 1.98922902e-02
7.59389609e+02, 5.91321087e-01, 5.91321087e-01, 1.68267079e-02
7.60925281e+02, 5.91073733e-01, 5.91073733e-01, 1.37637430e-02
7.62460953e+02, 5.90875849e-01, 5.90875849e-01, 1.07029184e-02
7.63996624e+02, 5.90728143e-01, 5.90728143e-01, 7.64374908e-03
7.65532296e+02, 5.90629201e-01, 5.90629201e-01, 4.58577241e-03
7.67067967e+02, 5.90579730e-01, 5.90579730e-01, 1.52851130e-03
