# y_plus, uu_plus, vv_plus, minus_uv_plus
7.66388272e-01, 9.38039348e-01, 9.38039348e-01, 1.56023252e-01
2.29916482e+00, 9.23056824e-01, 9.23056824e-01, 2.82843884e-01
3.83194136e+00, 1.12414329e+00, 1.12414329e+00, 4.68622065e-01
5.36471790e+00, 1.30507571e+00, 1.30507571e+00, 6.02842940e-01
6.89749445e+00, 1.43861313e+00, 1.43861313e+00, 6.84654461e-01
8.43027099e+00, 1.53643936e+00, 1.53643936e+00, 7.37039251e-01
9.96304753e+00, 1.60983386e+00, 1.60983386e+00, 7.72912640e-01
1.14958241e+01, 1.66634465e+00, 1.66634465e+00, 7.98746555e-01
1.30286006e+01, 1.71085239e+00, 1.71085239e+00, 8.18129947e-01
1.45613772e+01, 1.74654939e+00, 1.74654939e+00, 8.33044229e-01
1.60941537e+01, 1.77562059e+00, 1.77562059e+00, 8.44732114e-01
1.76269303e+01, 1.79959121e+00, 1.79959121e+00, 8.54176233e-01
1.91597068e+01, 1.81953953e+00, 1.81953953e+00, 8.61853627e-01
2.06924833e+01, 1.83627427e+00, 1.83627427e+00, 8.68033912e-01
2.22252599e+01, 1.85039842e+00, 1.85039842e+00, 8.73207133e-01
2.37580364e+01, 1.86238019e+00, 1.86238019e+00, 8.77506289e-01
2.52908130e+01, 1.87257426e+00, 1.87257426e+00, 8.80989727e-01
2.68235895e+01, 1.88126441e+00, 1.88126441e+00, 8.84004034e-01
2.83563661e+01, 1.88867764e+00, 1.88867764e+00, 8.86505808e-01
2.98891426e+01, 1.89500548e+00, 1.89500548e+00, 8.88513997e-01
3.14219191e+01, 1.90038983e+00, 1.90038983e+00, 8.90225430e-01
3.29546957e+01, 1.90495836e+00, 1.90495836e+00, 8.91554057e-01
3.44874722e+01, 1.90882459e+00, 1.90882459e+00, 8.92541155e-01
3.60202488e+01, 1.91205945e+00, 1.91205945e+00, 8.93417591e-01
3.75530253e+01, 1.91474808e+00, 1.91474808e+00, 8.94195559e-01
3.90858019e+01, 1.91695431e+00, 1.91695431e+00, 8.94660469e-01
4.06185784e+01, 1.91872072e+00, 1.91872072e+00, 8.94977000e-01
4.21513549e+01, 1.92011114e+00, 1.92011114e+00, 8.95123642e-01
4.36841315e+01, 1.92114687e+00, 1.92114687e+00, 8.95191742e-01
4.52169080e+01, 1.92187755e+00, 1.92187755e+00, 8.95073045e-01
4.67496846e+01, 1.92232447e+00, 1.92232447e+00, 8.94791403e-01
4.82824611e+01, 1.92252310e+00, 1.92252310e+00, 8.94732311e-01
4.98152377e+01, 1.92248763e+00, 1.92248763e+00, 8.94506484e-01
5.13480142e+01, 1.92224643e+00, 1.92224643e+00, 8.94062238e-01
5.28807908e+01, 1.92181370e+00, 1.92181370e+00, 8.93532691e-01
5.44135673e+01, 1.92121071e+00, 1.92121071e+00, 8.93053502e-01
5.59463438e+01, 1.92044456e+00, 1.92044456e+00, 8.92307670e-01
5.74791204e+01, 1.91953653e+00, 1.91953653e+00, 8.91620049e-01
5.90118969e+01, 1.91850080e+00, 1.91850080e+00, 8.91100483e-01
6.05446735e+01, 1.91733739e+00, 1.91733739e+00, 8.90383697e-01
6.20774500e+01, 1.91606047e+00, 1.91606047e+00, 8.89547034e-01
6.36102266e+01, 1.91467714e+00, 1.91467714e+00, 8.88907163e-01
6.51430031e+01, 1.91320159e+00, 1.91320159e+00, 8.88053881e-01
6.66757796e+01, 1.91164091e+00, 1.91164091e+00, 8.87038270e-01
6.82085562e+01, 1.90999510e+00, 1.90999510e+00, 8.86181907e-01
6.97413327e+01, 1.90827126e+00, 1.90827126e+00, 8.85286603e-01
7.12741093e+01, 1.90648357e+00, 1.90648357e+00, 8.84405070e-01
7.28068858e+01, 1.90462494e+00, 1.90462494e+00, 8.83591114e-01
7.43396624e+01, 1.90270247e+00, 1.90270247e+00, 8.82615824e-01
7.58724389e+01, 1.90073034e+00, 1.90073034e+00, 8.81226445e-01
7.74052154e+01, 1.89870146e+00, 1.89870146e+00, 8.80322571e-01
7.89379920e+01, 1.89662291e+00, 1.89662291e+00, 8.79376671e-01
8.04707685e+01, 1.89450181e+00, 1.89450181e+00, 8.78420050e-01
8.20035451e+01, 1.89233814e+00, 1.89233814e+00, 8.77491458e-01
8.35363216e+01, 1.89013191e+00, 1.89013191e+00, 8.75998866e-01
8.50690982e+01, 1.88788311e+00, 1.88788311e+00, 8.75215685e-01
8.66018747e+01, 1.88560594e+00, 1.88560594e+00, 8.74237957e-01
8.81346513e+01, 1.88329329e+00, 1.88329329e+00, 8.72761379e-01
8.96674278e+01, 1.88095227e+00, 1.88095227e+00, 8.71780613e-01
9.12002043e+01, 1.87858288e+00, 1.87858288e+00, 8.70671800e-01
9.27329809e+01, 1.87618511e+00, 1.87618511e+00, 8.69792037e-01
9.42657574e+01, 1.87375896e+00, 1.87375896e+00, 8.68485686e-01
9.57985340e+01, 1.87131153e+00, 1.87131153e+00, 8.67104796e-01
9.73313105e+01, 1.86884282e+00, 1.86884282e+00, 8.66372747e-01
9.88640871e+01, 1.86635283e+00, 1.86635283e+00, 8.65261590e-01
1.00396864e+02, 1.86384155e+00, 1.86384155e+00, 8.63773042e-01
1.01929640e+02, 1.86130899e+00, 1.86130899e+00, 8.62645873e-01
1.03462417e+02, 1.85876225e+00, 1.85876225e+00, 8.61537253e-01
1.04995193e+02, 1.85619422e+00, 1.85619422e+00, 8.60463153e-01
1.06527970e+02, 1.85361910e+00, 1.85361910e+00, 8.59441778e-01
1.08060746e+02, 1.85102270e+00, 1.85102270e+00, 8.57718063e-01
1.09593523e+02, 1.84841210e+00, 1.84841210e+00, 8.56836468e-01
1.11126299e+02, 1.84579442e+00, 1.84579442e+00, 8.55661141e-01
1.12659076e+02, 1.84315545e+00, 1.84315545e+00, 8.54194365e-01
1.14191852e+02, 1.84050939e+00, 1.84050939e+00, 8.53640735e-01
1.15724629e+02, 1.83785624e+00, 1.83785624e+00, 8.52420048e-01
1.17257406e+02, 1.83518180e+00, 1.83518180e+00, 8.50931350e-01
1.18790182e+02, 1.83250736e+00, 1.83250736e+00, 8.49591475e-01
1.20322959e+02, 1.82981874e+00, 1.82981874e+00, 8.48413732e-01
1.21855735e+02, 1.82712302e+00, 1.82712302e+00, 8.47413449e-01
1.23388512e+02, 1.82441311e+00, 1.82441311e+00, 8.46177766e-01
1.24921288e+02, 1.82170320e+00, 1.82170320e+00, 8.44709589e-01
1.26454065e+02, 1.81897911e+00, 1.81897911e+00, 8.43879523e-01
1.27986841e+02, 1.81625501e+00, 1.81625501e+00, 8.42835431e-01
1.29519618e+02, 1.81351673e+00, 1.81351673e+00, 8.41140271e-01
1.31052394e+02, 1.81077135e+00, 1.81077135e+00, 8.40117957e-01
1.32585171e+02, 1.80802597e+00, 1.80802597e+00, 8.38896408e-01
1.34117948e+02, 1.80526641e+00, 1.80526641e+00, 8.37930597e-01
1.35650724e+02, 1.80250684e+00, 1.80250684e+00, 8.36776303e-01
1.37183501e+02, 1.79974018e+00, 1.79974018e+00, 8.34972971e-01
1.38716277e+02, 1.79696643e+00, 1.79696643e+00, 8.33907173e-01
1.40249054e+02, 1.79419268e+00, 1.79419268e+00, 8.33133390e-01
1.41781830e+02, 1.79141183e+00, 1.79141183e+00, 8.32192805e-01
1.43314607e+02, 1.78862389e+00, 1.78862389e+00, 8.30609771e-01
1.44847383e+02, 1.78582885e+00, 1.78582885e+00, 8.29333913e-01
1.46380160e+02, 1.78303382e+00, 1.78303382e+00, 8.28378447e-01
1.47912936e+02, 1.78023169e+00, 1.78023169e+00, 8.26781659e-01
1.49445713e+02, 1.77742956e+00, 1.77742956e+00, 8.25514989e-01
1.50978490e+02, 1.77462034e+00, 1.77462034e+00, 8.24590397e-01
1.52511266e+02, 1.77181111e+00, 1.77181111e+00, 8.23522085e-01
1.54044043e+02, 1.76899480e+00, 1.76899480e+00, 8.22311169e-01
1.55576819e+02, 1.76617139e+00, 1.76617139e+00, 8.20958768e-01
1.57109596e+02, 1.76334797e+00, 1.76334797e+00, 8.19974895e-01
1.58642372e+02, 1.76052456e+00, 1.76052456e+00, 8.18858612e-01
1.60175149e+02, 1.75769406e+00, 1.75769406e+00, 8.17096088e-01
1.61707925e+02, 1.75485646e+00, 1.75485646e+00, 8.15716397e-01
1.63240702e+02, 1.75201886e+00, 1.75201886e+00, 8.15250594e-01
1.64773478e+02, 1.74918126e+00, 1.74918126e+00, 8.14145730e-01
1.66306255e+02, 1.74633657e+00, 1.74633657e+00, 8.12392773e-01
1.67839032e+02, 1.74349187e+00, 1.74349187e+00, 8.11577303e-01
1.69371808e+02, 1.74064009e+00, 1.74064009e+00, 8.10118036e-01
1.70904585e+02, 1.73778830e+00, 1.73778830e+00, 8.09077219e-01
1.72437361e+02, 1.73492942e+00, 1.73492942e+00, 8.07925868e-01
1.73970138e+02, 1.73207054e+00, 1.73207054e+00, 8.06120554e-01
1.75502914e+02, 1.72921166e+00, 1.72921166e+00, 8.05302905e-01
1.77035691e+02, 1.72634568e+00, 1.72634568e+00, 8.04375729e-01
1.78568467e+02, 1.72347971e+00, 1.72347971e+00, 8.03355422e-01
1.80101244e+02, 1.72060664e+00, 1.72060664e+00, 8.02234957e-01
1.81634020e+02, 1.71773357e+00, 1.71773357e+00, 8.00455373e-01
1.83166797e+02, 1.71486050e+00, 1.71486050e+00, 7.99133974e-01
1.84699573e+02, 1.71198034e+00, 1.71198034e+00, 7.98288099e-01
1.86232350e+02, 1.70909308e+00, 1.70909308e+00, 7.97351106e-01
1.87765127e+02, 1.70621292e+00, 1.70621292e+00, 7.96316301e-01
1.89297903e+02, 1.70331856e+00, 1.70331856e+00, 7.94632066e-01
1.90830680e+02, 1.70043131e+00, 1.70043131e+00, 7.93423142e-01
1.92363456e+02, 1.69753696e+00, 1.69753696e+00, 7.92133262e-01
1.93896233e+02, 1.69463551e+00, 1.69463551e+00, 7.90755785e-01
1.95429009e+02, 1.69174116e+00, 1.69174116e+00, 7.89877392e-01
1.96961786e+02, 1.68883262e+00, 1.68883262e+00, 7.88918404e-01
1.98494562e+02, 1.68593118e+00, 1.68593118e+00, 7.87886546e-01
2.00027339e+02, 1.68301554e+00, 1.68301554e+00, 7.86181044e-01
2.01560115e+02, 1.68010700e+00, 1.68010700e+00, 7.84988311e-01
2.03092892e+02, 1.67719137e+00, 1.67719137e+00, 7.84324068e-01
2.04625669e+02, 1.67426864e+00, 1.67426864e+00, 7.82978386e-01
2.06158445e+02, 1.67134592e+00, 1.67134592e+00, 7.81569604e-01
2.07691222e+02, 1.66842319e+00, 1.66842319e+00, 7.80077608e-01
2.09223998e+02, 1.66549337e+00, 1.66549337e+00, 7.79126867e-01
2.10756775e+02, 1.66256355e+00, 1.66256355e+00, 7.78106140e-01
2.12289551e+02, 1.65962663e+00, 1.65962663e+00, 7.76407486e-01
2.13822328e+02, 1.65668972e+00, 1.65668972e+00, 7.75252597e-01
2.15355104e+02, 1.65374571e+00, 1.65374571e+00, 7.74649566e-01
2.16887881e+02, 1.65080170e+00, 1.65080170e+00, 7.73367587e-01
2.18420657e+02, 1.64785769e+00, 1.64785769e+00, 7.72018266e-01
2.19953434e+02, 1.64489949e+00, 1.64489949e+00, 7.70602162e-01
2.21486211e+02, 1.64194839e+00, 1.64194839e+00, 7.69126330e-01
2.23018987e+02, 1.63899019e+00, 1.63899019e+00, 7.68223500e-01
2.24551764e+02, 1.63602490e+00, 1.63602490e+00, 7.67253664e-01
2.26084540e+02, 1.63305961e+00, 1.63305961e+00, 7.66236597e-01
2.27617317e+02, 1.63008722e+00, 1.63008722e+00, 7.64514256e-01
2.29150093e+02, 1.62711484e+00, 1.62711484e+00, 7.63376074e-01
2.30682870e+02, 1.62413536e+00, 1.62413536e+00, 7.62185495e-01
2.32215646e+02, 1.62115588e+00, 1.62115588e+00, 7.60936636e-01
2.33748423e+02, 1.61816931e+00, 1.61816931e+00, 7.59636210e-01
2.35281199e+02, 1.61518273e+00, 1.61518273e+00, 7.58278398e-01
2.36813976e+02, 1.61218907e+00, 1.61218907e+00, 7.57516146e-01
2.38346753e+02, 1.60918831e+00, 1.60918831e+00, 7.56053259e-01
2.39879529e+02, 1.60618754e+00, 1.60618754e+00, 7.55197138e-01
2.41412306e+02, 1.60318678e+00, 1.60318678e+00, 7.53630772e-01
2.42945082e+02, 1.60017183e+00, 1.60017183e+00, 7.52015288e-01
2.44477859e+02, 1.59716398e+00, 1.59716398e+00, 7.51670743e-01
2.46010635e+02, 1.59414194e+00, 1.59414194e+00, 7.49956223e-01
2.47543412e+02, 1.59111989e+00, 1.59111989e+00, 7.48187785e-01
2.49076188e+02, 1.58809785e+00, 1.58809785e+00, 7.47709430e-01
2.50608965e+02, 1.58506871e+00, 1.58506871e+00, 7.46520974e-01
2.52141741e+02, 1.58203248e+00, 1.58203248e+00, 7.44611038e-01
2.53674518e+02, 1.57898916e+00, 1.57898916e+00, 7.43329276e-01
2.55207295e+02, 1.57594583e+00, 1.57594583e+00, 7.42675834e-01
2.56740071e+02, 1.57290251e+00, 1.57290251e+00, 7.41305981e-01
2.58272848e+02, 1.56984499e+00, 1.56984499e+00, 7.39894565e-01
2.59805624e+02, 1.56678748e+00, 1.56678748e+00, 7.39117985e-01
2.61338401e+02, 1.56372997e+00, 1.56372997e+00, 7.37620461e-01
2.62871177e+02, 1.56065827e+00, 1.56065827e+00, 7.36082364e-01
2.64403954e+02, 1.55758656e+00, 1.55758656e+00, 7.34504011e-01
2.65936730e+02, 1.55451486e+00, 1.55451486e+00, 7.33568859e-01
2.67469507e+02, 1.55142897e+00, 1.55142897e+00, 7.32597506e-01
2.69002283e+02, 1.54834309e+00, 1.54834309e+00, 7.30892452e-01
2.70535060e+02, 1.54525720e+00, 1.54525720e+00, 7.29847846e-01
2.72067836e+02, 1.54215712e+00, 1.54215712e+00, 7.28762252e-01
2.73600613e+02, 1.53905704e+00, 1.53905704e+00, 7.26944567e-01
2.75133390e+02, 1.53594987e+00, 1.53594987e+00, 7.25781900e-01
2.76666166e+02, 1.53284270e+00, 1.53284270e+00, 7.24590199e-01
2.78198943e+02, 1.52972134e+00, 1.52972134e+00, 7.23358684e-01
2.79731719e+02, 1.52659998e+00, 1.52659998e+00, 7.22093140e-01
2.81264496e+02, 1.52347862e+00, 1.52347862e+00, 7.20793821e-01
2.82797272e+02, 1.52034308e+00, 1.52034308e+00, 7.19460983e-01
2.84330049e+02, 1.51720753e+00, 1.51720753e+00, 7.18089481e-01
2.85862825e+02, 1.51406489e+00, 1.51406489e+00, 7.16690392e-01
2.87395602e+02, 1.51091515e+00, 1.51091515e+00, 7.15253192e-01
2.88928378e+02, 1.50776542e+00, 1.50776542e+00, 7.14495186e-01
2.90461155e+02, 1.50460859e+00, 1.50460859e+00, 7.12994678e-01
2.91993932e+02, 1.50144466e+00, 1.50144466e+00, 7.11462204e-01
2.93526708e+02, 1.49827365e+00, 1.49827365e+00, 7.09898020e-01
2.95059485e+02, 1.49509554e+00, 1.49509554e+00, 7.09019287e-01
2.96592261e+02, 1.49191743e+00, 1.49191743e+00, 7.07393709e-01
2.98125038e+02, 1.48873222e+00, 1.48873222e+00, 7.05731947e-01
2.99657814e+02, 1.48553992e+00, 1.48553992e+00, 7.04765335e-01
3.01190591e+02, 1.48234053e+00, 1.48234053e+00, 7.03770663e-01
3.02723367e+02, 1.47914114e+00, 1.47914114e+00, 7.02019963e-01
3.04256144e+02, 1.47592755e+00, 1.47592755e+00, 7.00244465e-01
3.05788920e+02, 1.47271397e+00, 1.47271397e+00, 6.99164510e-01
3.07321697e+02, 1.46949330e+00, 1.46949330e+00, 6.98052191e-01
3.08854474e+02, 1.46626553e+00, 1.46626553e+00, 6.96917940e-01
3.10387250e+02, 1.46303776e+00, 1.46303776e+00, 6.95028280e-01
3.11920027e+02, 1.45979580e+00, 1.45979580e+00, 6.93839436e-01
3.13452803e+02, 1.45655385e+00, 1.45655385e+00, 6.92624128e-01
3.14985580e+02, 1.45330479e+00, 1.45330479e+00, 6.90650925e-01
3.16518356e+02, 1.45004865e+00, 1.45004865e+00, 6.89382279e-01
3.18051133e+02, 1.44678541e+00, 1.44678541e+00, 6.88087765e-01
3.19583909e+02, 1.44351508e+00, 1.44351508e+00, 6.86772548e-01
3.21116686e+02, 1.44023765e+00, 1.44023765e+00, 6.85426856e-01
3.22649462e+02, 1.43696022e+00, 1.43696022e+00, 6.84060812e-01
3.24182239e+02, 1.43367570e+00, 1.43367570e+00, 6.82669635e-01
3.25715016e+02, 1.43037699e+00, 1.43037699e+00, 6.81253515e-01
3.27247792e+02, 1.42707828e+00, 1.42707828e+00, 6.79812644e-01
3.28780569e+02, 1.42377248e+00, 1.42377248e+00, 6.77612342e-01
3.30313345e+02, 1.42046668e+00, 1.42046668e+00, 6.76867142e-01
3.31846122e+02, 1.41714669e+00, 1.41714669e+00, 6.75357983e-01
3.33378898e+02, 1.41381960e+00, 1.41381960e+00, 6.73082709e-01
3.34911675e+02, 1.41049252e+00, 1.41049252e+00, 6.72267805e-01
3.36444451e+02, 1.40715834e+00, 1.40715834e+00, 6.71435530e-01
3.37977228e+02, 1.40380997e+00, 1.40380997e+00, 6.69836923e-01
3.39510004e+02, 1.40046160e+00, 1.40046160e+00, 6.67474834e-01
3.41042781e+02, 1.39710614e+00, 1.39710614e+00, 6.66579501e-01
3.42575557e+02, 1.39374359e+00, 1.39374359e+00, 6.64916265e-01
3.44108334e+02, 1.39037394e+00, 1.39037394e+00, 6.63230268e-01
3.45641111e+02, 1.38699720e+00, 1.38699720e+00, 6.62273898e-01
3.47173887e+02, 1.38362045e+00, 1.38362045e+00, 6.60548215e-01
3.48706664e+02, 1.38022952e+00, 1.38022952e+00, 6.58804975e-01
3.50239440e+02, 1.37683859e+00, 1.37683859e+00, 6.57039655e-01
3.51772217e+02, 1.37343347e+00, 1.37343347e+00, 6.56002163e-01
3.53304993e+02, 1.37002835e+00, 1.37002835e+00, 6.54198403e-01
3.54837770e+02, 1.36660905e+00, 1.36660905e+00, 6.52373083e-01
3.56370546e+02, 1.36318974e+00, 1.36318974e+00, 6.51282195e-01
3.57903323e+02, 1.35976334e+00, 1.35976334e+00, 6.50171004e-01
3.59436099e+02, 1.35632984e+00, 1.35632984e+00, 6.48292149e-01
3.60968876e+02, 1.35288925e+00, 1.35288925e+00, 6.46392396e-01
3.62501653e+02, 1.34944157e+00, 1.34944157e+00, 6.45229383e-01
3.64034429e+02, 1.34598679e+00, 1.34598679e+00, 6.43293307e-01
3.65567206e+02, 1.34253202e+00, 1.34253202e+00, 6.41341381e-01
3.67099982e+02, 1.33906305e+00, 1.33906305e+00, 6.40127727e-01
3.68632759e+02, 1.33558699e+00, 1.33558699e+00, 6.38894665e-01
3.70165535e+02, 1.33211093e+00, 1.33211093e+00, 6.36892205e-01
3.71698312e+02, 1.32862069e+00, 1.32862069e+00, 6.35624894e-01
3.73231088e+02, 1.32513044e+00, 1.32513044e+00, 6.34343026e-01
3.74763865e+02, 1.32162600e+00, 1.32162600e+00, 6.31531398e-01
3.76296641e+02, 1.31812157e+00, 1.31812157e+00, 6.30220236e-01
3.77829418e+02, 1.31461004e+00, 1.31461004e+00, 6.29646287e-01
3.79362195e+02, 1.31109142e+00, 1.31109142e+00, 6.27542046e-01
3.80894971e+02, 1.30756570e+00, 1.30756570e+00, 6.25423423e-01
3.82427748e+02, 1.30403289e+00, 1.30403289e+00, 6.24046984e-01
3.83960524e+02, 1.30049299e+00, 1.30049299e+00, 6.21900179e-01
3.85493301e+02, 1.29694599e+00, 1.29694599e+00, 6.20496110e-01
3.87026077e+02, 1.29339189e+00, 1.29339189e+00, 6.19074100e-01
3.88558854e+02, 1.28983071e+00, 1.28983071e+00, 6.16881709e-01
3.90091630e+02, 1.28626952e+00, 1.28626952e+00, 6.15432772e-01
3.91624407e+02, 1.28269414e+00, 1.28269414e+00, 6.13970571e-01
3.93157183e+02, 1.27911877e+00, 1.27911877e+00, 6.12490898e-01
3.94689960e+02, 1.27552921e+00, 1.27552921e+00, 6.11002468e-01
3.96222737e+02, 1.27193964e+00, 1.27193964e+00, 6.08739638e-01
3.97755513e+02, 1.26833589e+00, 1.26833589e+00, 6.06463960e-01
3.99288290e+02, 1.26473214e+00, 1.26473214e+00, 6.05689801e-01
4.00821066e+02, 1.26112130e+00, 1.26112130e+00, 6.04150102e-01
4.02353843e+02, 1.25750336e+00, 1.25750336e+00, 6.01832333e-01
4.03886619e+02, 1.25387832e+00, 1.25387832e+00, 6.00263440e-01
4.05419396e+02, 1.25024620e+00, 1.25024620e+00, 5.97925331e-01
4.06952172e+02, 1.24661407e+00, 1.24661407e+00, 5.96331938e-01
4.08484949e+02, 1.24296776e+00, 1.24296776e+00, 5.94726403e-01
4.10017725e+02, 1.23932144e+00, 1.23932144e+00, 5.93108823e-01
4.11550502e+02, 1.23566094e+00, 1.23566094e+00, 5.91479292e-01
4.13083278e+02, 1.23200043e+00, 1.23200043e+00, 5.89081705e-01
4.14616055e+02, 1.22833284e+00, 1.22833284e+00, 5.87428743e-01
4.16148832e+02, 1.22465815e+00, 1.22465815e+00, 5.85764135e-01
4.17681608e+02, 1.22097636e+00, 1.22097636e+00, 5.84087976e-01
4.19214385e+02, 1.21728748e+00, 1.21728748e+00, 5.82404464e-01
4.20747161e+02, 1.21359151e+00, 1.21359151e+00, 5.80705480e-01
4.22279938e+02, 1.20989554e+00, 1.20989554e+00, 5.78999313e-01
4.23812714e+02, 1.20618538e+00, 1.20618538e+00, 5.76527340e-01
4.25345491e+02, 1.20247522e+00, 1.20247522e+00, 5.74799178e-01
4.26878267e+02, 1.19875796e+00, 1.19875796e+00, 5.73060035e-01
4.28411044e+02, 1.19503361e+00, 1.19503361e+00, 5.71310006e-01
4.29943820e+02, 1.19130217e+00, 1.19130217e+00, 5.69553209e-01
4.31476597e+02, 1.18757073e+00, 1.18757073e+00, 5.67032666e-01
4.33009374e+02, 1.18382509e+00, 1.18382509e+00, 5.65258891e-01
4.34542150e+02, 1.18007946e+00, 1.18007946e+00, 5.63470603e-01
4.36074927e+02, 1.17632674e+00, 1.17632674e+00, 5.61675876e-01
4.37607703e+02, 1.17256692e+00, 1.17256692e+00, 5.59874776e-01
4.39140480e+02, 1.16880710e+00, 1.16880710e+00, 5.58059459e-01
4.40673256e+02, 1.16503309e+00, 1.16503309e+00, 5.56237938e-01
4.42206033e+02, 1.16125909e+00, 1.16125909e+00, 5.54410278e-01
4.43738809e+02, 1.15747799e+00, 1.15747799e+00, 5.51822861e-01
4.45271586e+02, 1.15368979e+00, 1.15368979e+00, 5.49975776e-01
4.46804362e+02, 1.14990160e+00, 1.14990160e+00, 5.48122795e-01
4.48337139e+02, 1.14609921e+00, 1.14609921e+00, 5.46260099e-01
4.49869916e+02, 1.14229683e+00, 1.14229683e+00, 5.44391657e-01
4.51402692e+02, 1.13849445e+00, 1.13849445e+00, 5.42513670e-01
4.52935469e+02, 1.13467788e+00, 1.13467788e+00, 5.40630086e-01
4.54468245e+02, 1.13086131e+00, 1.13086131e+00, 5.37990954e-01
4.56001022e+02, 1.12703764e+00, 1.12703764e+00, 5.36093111e-01
4.57533798e+02, 1.12320688e+00, 1.12320688e+00, 5.34189894e-01
4.59066575e+02, 1.11937612e+00, 1.11937612e+00, 5.32277563e-01
4.60599351e+02, 1.11553827e+00, 1.11553827e+00, 5.30360008e-01
4.62132128e+02, 1.11170042e+00, 1.11170042e+00, 5.28437291e-01
4.63664904e+02, 1.10784838e+00, 1.10784838e+00, 5.26505706e-01
4.65197681e+02, 1.10399634e+00, 1.10399634e+00, 5.24569108e-01
4.66730458e+02, 1.10014430e+00, 1.10014430e+00, 5.21886247e-01
4.68263234e+02, 1.09628516e+00, 1.09628516e+00, 5.19936741e-01
4.69796011e+02, 1.09241893e+00, 1.09241893e+00, 5.17986172e-01
4.71328787e+02, 1.08854561e+00, 1.08854561e+00, 5.16027143e-01
4.72861564e+02, 1.08467229e+00, 1.08467229e+00, 5.14059751e-01
4.74394340e+02, 1.08079896e+00, 1.08079896e+00, 5.11353591e-01
4.75927117e+02, 1.07691855e+00, 1.07691855e+00, 5.10118666e-01
4.77459893e+02, 1.07303104e+00, 1.07303104e+00, 5.08137717e-01
4.78992670e+02, 1.06914352e+00, 1.06914352e+00, 5.05420352e-01
4.80525446e+02, 1.06524892e+00, 1.06524892e+00, 5.03431443e-01
4.82058223e+02, 1.06135431e+00, 1.06135431e+00, 5.00707747e-01
4.83590999e+02, 1.05745262e+00, 1.05745262e+00, 4.98711177e-01
4.85123776e+02, 1.05355092e+00, 1.05355092e+00, 4.97443110e-01
4.86656553e+02, 1.04964212e+00, 1.04964212e+00, 4.94709375e-01
4.88189329e+02, 1.04573333e+00, 1.04573333e+00, 4.92700663e-01
4.89722106e+02, 1.04182454e+00, 1.04182454e+00, 4.90691611e-01
4.91254882e+02, 1.03790865e+00, 1.03790865e+00, 4.87945755e-01
4.92787659e+02, 1.03398567e+00, 1.03398567e+00, 4.86658396e-01
4.94320435e+02, 1.03006978e+00, 1.03006978e+00, 4.84637926e-01
4.95853212e+02, 1.02614680e+00, 1.02614680e+00, 4.81160119e-01
4.97385988e+02, 1.02221673e+00, 1.02221673e+00, 4.79137595e-01
4.98918765e+02, 1.01829375e+00, 1.01829375e+00, 4.77833105e-01
5.00451541e+02, 1.01435658e+00, 1.01435658e+00, 4.75078459e-01
5.01984318e+02, 1.01042650e+00, 1.01042650e+00, 4.73045475e-01
5.03517095e+02, 1.00648933e+00, 1.00648933e+00, 4.71012598e-01
5.05049871e+02, 1.00255926e+00, 1.00255926e+00, 4.68254899e-01
5.06582648e+02, 9.98614997e-01, 9.98614997e-01, 4.66216365e-01
5.08115424e+02, 9.94677828e-01, 9.94677828e-01, 4.64178083e-01
5.09648201e+02, 9.90740659e-01, 9.90740659e-01, 4.62136660e-01
5.11180977e+02, 9.86796396e-01, 9.86796396e-01, 4.59377796e-01
5.12713754e+02, 9.82852133e-01, 9.82852133e-01, 4.57334629e-01
5.14246530e+02, 9.78907870e-01, 9.78907870e-01, 4.55288503e-01
5.15779307e+02, 9.74963607e-01, 9.74963607e-01, 4.52527963e-01
5.17312083e+02, 9.71019345e-01, 9.71019345e-01, 4.50483801e-01
5.18844860e+02, 9.67067988e-01, 9.67067988e-01, 4.47727245e-01
5.20377637e+02, 9.63123725e-01, 9.63123725e-01, 4.45681864e-01
5.21910413e+02, 9.59179462e-01, 9.59179462e-01, 4.43633802e-01
5.23443190e+02, 9.55235199e-01, 9.55235199e-01, 4.40879790e-01
5.24975966e+02, 9.51283842e-01, 9.51283842e-01, 4.38834144e-01
5.26508743e+02, 9.47339579e-01, 9.47339579e-01, 4.36789258e-01
5.28041519e+02, 9.43395317e-01, 9.43395317e-01, 4.34038262e-01
5.29574296e+02, 9.39451054e-01, 9.39451054e-01, 4.31286894e-01
5.31107072e+02, 9.35506791e-01, 9.35506791e-01, 4.29246557e-01
5.32639849e+02, 9.31562528e-01, 9.31562528e-01, 4.27203890e-01
5.34172625e+02, 9.27625359e-01, 9.27625359e-01, 4.25162176e-01
5.35705402e+02, 9.23681096e-01, 9.23681096e-01, 4.22422954e-01
5.37238179e+02, 9.19743927e-01, 9.19743927e-01, 4.19683648e-01
5.38770955e+02, 9.15813853e-01, 9.15813853e-01, 4.17647099e-01
5.40303732e+02, 9.11876684e-01, 9.11876684e-01, 4.14916295e-01
5.41836508e+02, 9.07946609e-01, 9.07946609e-01, 4.12185586e-01
5.43369285e+02, 9.04016534e-01, 9.04016534e-01, 4.10157689e-01
5.44902061e+02, 9.00093553e-01, 9.00093553e-01, 4.08127844e-01
5.46434838e+02, 8.96170572e-01, 8.96170572e-01, 4.05411256e-01
5.47967614e+02, 8.92247591e-01, 8.92247591e-01, 4.02694966e-01
5.49500391e+02, 8.88331705e-01, 8.88331705e-01, 4.00674156e-01
5.51033167e+02, 8.84415818e-01, 8.84415818e-01, 3.98657730e-01
5.52565944e+02, 8.80507025e-01, 8.80507025e-01, 3.95955869e-01
5.54098720e+02, 8.76605326e-01, 8.76605326e-01, 3.93254508e-01
5.55631497e+02, 8.72703627e-01, 8.72703627e-01, 3.90559787e-01
5.57164274e+02, 8.68809022e-01, 8.68809022e-01, 3.87871706e-01
5.58697050e+02, 8.64914417e-01, 8.64914417e-01, 3.85872662e-01
5.60229827e+02, 8.61034000e-01, 8.61034000e-01, 3.83193791e-01
5.61762603e+02, 8.57153584e-01, 8.57153584e-01, 3.80518629e-01
5.63295380e+02, 8.53273167e-01, 8.53273167e-01, 3.78532210e-01
5.64828156e+02, 8.49406938e-01, 8.49406938e-01, 3.75869338e-01
5.66360933e+02, 8.45540709e-01, 8.45540709e-01, 3.73210248e-01
5.67893709e+02, 8.41688668e-01, 8.41688668e-01, 3.70557895e-01
5.69426486e+02, 8.37836627e-01, 8.37836627e-01, 3.67912277e-01
5.70959262e+02, 8.33991680e-01, 8.33991680e-01, 3.65949827e-01
5.72492039e+02, 8.30160921e-01, 8.30160921e-01, 3.63313696e-01
5.74024816e+02, 8.26330163e-01, 8.26330163e-01, 3.60012997e-01
5.75557592e+02, 8.22513592e-01, 8.22513592e-01, 3.58064566e-01
5.77090369e+02, 8.18697021e-01, 8.18697021e-01, 3.55451536e-01
5.78623145e+02, 8.14894638e-01, 8.14894638e-01, 3.52842444e-01
5.80155922e+02, 8.11099349e-01, 8.11099349e-01, 3.50242901e-01
5.81688698e+02, 8.07318248e-01, 8.07318248e-01, 3.47650095e-01
5.83221475e+02, 8.03537147e-01, 8.03537147e-01, 3.45731459e-01
5.84754251e+02, 7.99770234e-01, 7.99770234e-01, 3.42484689e-01
5.86287028e+02, 7.96017509e-01, 7.96017509e-01, 3.39246900e-01
5.87819804e+02, 7.92271878e-01, 7.92271878e-01, 3.37348929e-01
5.89352581e+02, 7.88533341e-01, 7.88533341e-01, 3.34792472e-01
5.90885358e+02, 7.84808993e-01, 7.84808993e-01, 3.31583546e-01
5.92418134e+02, 7.81098832e-01, 7.81098832e-01, 3.29704979e-01
5.93950911e+02, 7.77395765e-01, 7.77395765e-01, 3.27173880e-01
5.95483687e+02, 7.73706886e-01, 7.73706886e-01, 3.23990902e-01
5.97016464e+02, 7.70025101e-01, 7.70025101e-01, 3.21474189e-01
5.98549240e+02, 7.66364598e-01, 7.66364598e-01, 3.18969288e-01
6.00082017e+02, 7.62711189e-01, 7.62711189e-01, 3.15815744e-01
6.01614793e+02, 7.59071968e-01, 7.59071968e-01, 3.13327639e-01
6.03147570e+02, 7.55446935e-01, 7.55446935e-01, 3.10846079e-01
6.04680346e+02, 7.51836090e-01, 7.51836090e-01, 3.08373579e-01
6.06213123e+02, 7.48239433e-01, 7.48239433e-01, 3.05912593e-01
6.07745900e+02, 7.44656964e-01, 7.44656964e-01, 3.02808253e-01
6.09278676e+02, 7.41095777e-01, 7.41095777e-01, 2.99714968e-01
6.10811453e+02, 7.37541684e-01, 7.37541684e-01, 2.97280345e-01
6.12344229e+02, 7.34008873e-01, 7.34008873e-01, 2.94854533e-01
6.13877006e+02, 7.30490250e-01, 7.30490250e-01, 2.91791927e-01
6.15409782e+02, 7.26992909e-01, 7.26992909e-01, 2.89387029e-01
6.16942559e+02, 7.23502662e-01, 7.23502662e-01, 2.86988389e-01
6.18475335e+02, 7.20040791e-01, 7.20040791e-01, 2.83958280e-01
6.20008112e+02, 7.16593108e-01, 7.16593108e-01, 2.80938759e-01
6.21540888e+02, 7.13159613e-01, 7.13159613e-01, 2.77932071e-01
6.23073665e+02, 7.09747400e-01, 7.09747400e-01, 2.75575186e-01
6.24606442e+02, 7.06355050e-01, 7.06355050e-01, 2.73226643e-01
6.26139218e+02, 7.02981854e-01, 7.02981854e-01, 2.69613886e-01
6.27671995e+02, 6.99628522e-01, 6.99628522e-01, 2.67286094e-01
6.29204771e+02, 6.96295761e-01, 6.96295761e-01, 2.64968676e-01
6.30737548e+02, 6.92983574e-01, 6.92983574e-01, 2.61390450e-01
6.32270324e+02, 6.89692668e-01, 6.89692668e-01, 2.59093250e-01
6.33803101e+02, 6.86423044e-01, 6.86423044e-01, 2.56173621e-01
6.35335877e+02, 6.83176122e-01, 6.83176122e-01, 2.53263745e-01
6.36868654e+02, 6.79951190e-01, 6.79951190e-01, 2.50996313e-01
6.38401430e+02, 6.76748959e-01, 6.76748959e-01, 2.47479267e-01
6.39934207e+02, 6.73570139e-01, 6.73570139e-01, 2.44604410e-01
6.41466983e+02, 6.70414729e-01, 6.70414729e-01, 2.42366816e-01
6.42999760e+02, 6.67284147e-01, 6.67284147e-01, 2.39513794e-01
6.44532537e+02, 6.64177686e-01, 6.64177686e-01, 2.36671946e-01
6.46065313e+02, 6.61096053e-01, 6.61096053e-01, 2.33839153e-01
6.47598090e+02, 6.58039959e-01, 6.58039959e-01, 2.31019289e-01
6.49130866e+02, 6.55010112e-01, 6.55010112e-01, 2.27584747e-01
6.50663643e+02, 6.52005804e-01, 6.52005804e-01, 2.24787197e-01
6.52196419e+02, 6.49029162e-01, 6.49029162e-01, 2.22622020e-01
6.53729196e+02, 6.46078769e-01, 6.46078769e-01, 2.19844571e-01
6.55261972e+02, 6.43156042e-01, 6.43156042e-01, 2.16457180e-01
6.56794749e+02, 6.40261690e-01, 6.40261690e-01, 2.13700960e-01
6.58327525e+02, 6.37395715e-01, 6.37395715e-01, 2.10956567e-01
6.59860302e+02, 6.34558116e-01, 6.34558116e-01, 2.07602360e-01
6.61393079e+02, 6.31750312e-01, 6.31750312e-01, 2.05497182e-01
6.62925855e+02, 6.28972302e-01, 6.28972302e-01, 2.02781935e-01
6.64458632e+02, 6.26224087e-01, 6.26224087e-01, 1.99462252e-01
6.65991408e+02, 6.23506377e-01, 6.23506377e-01, 1.96153307e-01
6.67524185e+02, 6.20819880e-01, 6.20819880e-01, 1.93469126e-01
6.69056961e+02, 6.18164596e-01, 6.18164596e-01, 1.90795613e-01
6.70589738e+02, 6.15540526e-01, 6.15540526e-01, 1.87519766e-01
6.72122514e+02, 6.12949089e-01, 6.12949089e-01, 1.84864465e-01
6.73655291e+02, 6.10390993e-01, 6.10390993e-01, 1.82220911e-01
6.75188067e+02, 6.07864821e-01, 6.07864821e-01, 1.78973327e-01
6.76720844e+02, 6.05372699e-01, 6.05372699e-01, 1.75736830e-01
6.78253621e+02, 6.02914629e-01, 6.02914629e-01, 1.73120762e-01
6.79786397e+02, 6.00489900e-01, 6.00489900e-01, 1.70512612e-01
6.81319174e+02, 5.98100642e-01, 5.98100642e-01, 1.67303872e-01
6.82851950e+02, 5.95746144e-01, 5.95746144e-01, 1.64713199e-01
6.84384727e+02, 5.93427116e-01, 5.93427116e-01, 1.61524193e-01
6.85917503e+02, 5.91143558e-01, 5.91143558e-01, 1.58343605e-01
6.87450280e+02, 5.88896889e-01, 5.88896889e-01, 1.55777411e-01
6.88983056e+02, 5.86685690e-01, 5.86685690e-01, 1.52613986e-01
6.90515833e+02, 5.84512089e-01, 5.84512089e-01, 1.49459772e-01
6.92048609e+02, 5.82376086e-01, 5.82376086e-01, 1.46917840e-01
6.93581386e+02, 5.80276972e-01, 5.80276972e-01, 1.43778341e-01
6.95114163e+02, 5.78216166e-01, 5.78216166e-01, 1.40647457e-01
6.96646939e+02, 5.76193667e-01, 5.76193667e-01, 1.38126908e-01
6.98179716e+02, 5.74210185e-01, 5.74210185e-01, 1.34408198e-01
6.99712492e+02, 5.72265720e-01, 5.72265720e-01, 1.31901744e-01
7.01245269e+02, 5.70360272e-01, 5.70360272e-01, 1.29401067e-01
7.02778045e+02, 5.68494551e-01, 5.68494551e-01, 1.25704251e-01
7.04310822e+02, 5.66668556e-01, 5.66668556e-01, 1.22616654e-01
7.05843598e+02, 5.64882996e-01, 5.64882996e-01, 1.20134727e-01
7.07376375e+02, 5.63138582e-01, 5.63138582e-01, 1.17058734e-01
7.08909151e+02, 5.61434604e-01, 5.61434604e-01, 1.13388548e-01
7.10441928e+02, 5.59771771e-01, 5.59771771e-01, 1.10924811e-01
7.11974704e+02, 5.58150792e-01, 5.58150792e-01, 1.08464804e-01
7.13507481e+02, 5.56570959e-01, 5.56570959e-01, 1.04812489e-01
7.15040258e+02, 5.55033690e-01, 5.55033690e-01, 1.01765387e-01
7.16573034e+02, 5.53538984e-01, 5.53538984e-01, 9.87222479e-02
7.18105811e+02, 5.52086134e-01, 5.52086134e-01, 9.56838443e-02
7.19638587e+02, 5.50676556e-01, 5.50676556e-01, 9.26508409e-02
7.21171364e+02, 5.49310252e-01, 5.49310252e-01, 8.96222004e-02
7.22704140e+02, 5.47986512e-01, 5.47986512e-01, 8.71942122e-02
7.24236917e+02, 5.46706755e-01, 5.46706755e-01, 8.41736003e-02
7.25769693e+02, 5.45470981e-01, 5.45470981e-01, 8.05601412e-02
7.27302470e+02, 5.44278479e-01, 5.44278479e-01, 7.75473823e-02
7.28835246e+02, 5.43130671e-01, 5.43130671e-01, 7.45375231e-02
7.30368023e+02, 5.42027554e-01, 5.42027554e-01, 7.15317607e-02
7.31900800e+02, 5.40968420e-01, 5.40968420e-01, 6.91245331e-02
7.33433576e+02, 5.39953978e-01, 5.39953978e-01, 6.55286423e-02
7.34966353e+02, 5.38984938e-01, 5.38984938e-01, 6.25321908e-02
7.36499129e+02, 5.38060590e-01, 5.38060590e-01, 5.95374418e-02
7.38031906e+02, 5.37181644e-01, 5.37181644e-01, 5.59506917e-02
7.39564682e+02, 5.36348099e-01, 5.36348099e-01, 5.35564035e-02
7.41097459e+02, 5.35559956e-01, 5.35559956e-01, 5.05692895e-02
7.42630235e+02, 5.34817214e-01, 5.34817214e-01, 4.75844100e-02
7.44163012e+02, 5.34120584e-01, 5.34120584e-01, 4.46016056e-02
7.45695788e+02, 5.33470064e-01, 5.33470064e-01, 4.10257677e-02
7.47228565e+02, 5.32864946e-01, 5.32864946e-01, 3.80460758e-02
7.48761342e+02, 5.32306649e-01, 5.32306649e-01, 3.50680757e-02
7.50294118e+02, 5.31793752e-01, 5.31793752e-01, 3.20916080e-02
7.51826895e+02, 5.31327677e-01, 5.31327677e-01, 2.91162522e-02
7.53359671e+02, 5.30908422e-01, 5.30908422e-01, 2.61421628e-02
7.54892448e+02, 5.30534568e-01, 5.30534568e-01, 2.31689725e-02
7.56425224e+02, 5.30208244e-01, 5.30208244e-01, 1.96027594e-02
7.57958001e+02, 5.29928031e-01, 5.29928031e-01, 1.66314525e-02
7.59490777e+02, 5.29694638e-01, 5.29694638e-01, 1.36605713e-02
7.61023554e+02, 5.29507357e-01, 5.29507357e-01, 1.06904031e-02
7.62556330e+02, 5.29367605e-01, 5.29367605e-01, 7.72050083e-03
7.64089107e+02, 5.29273964e-01, 5.29273964e-01, 4.75094974e-03
7.65621884e+02, 5.29227144e-01, 5.29227144e-01, 1.78159019e-03
