# y_plus, uu_plus, vv_plus, minus_uv_plus
7.69370502e-01, 1.18427379e-02, 1.18427379e-02, 1.31292731e-04
2.30811151e+00, 1.08562772e-02, 1.08562772e-02, 6.78885911e-04
3.84685251e+00, 6.38709753e-02, 6.38709753e-02, 1.09245658e-02
5.38559351e+00, 2.13420860e-01, 2.13420860e-01, 6.45196291e-02
6.92433452e+00, 4.59981846e-01, 4.59981846e-01, 1.84284945e-01
8.46307552e+00, 7.35073045e-01, 7.35073045e-01, 3.30840545e-01
1.00018165e+01, 9.78006778e-01, 9.78006778e-01, 4.57887162e-01
1.15405575e+01, 1.17154004e+00, 1.17154004e+00, 5.53922225e-01
1.30792985e+01, 1.32078323e+00, 1.32078323e+00, 6.24359083e-01
1.46180395e+01, 1.43564742e+00, 1.43564742e+00, 6.76509218e-01
1.61567805e+01, 1.52492444e+00, 1.52492444e+00, 7.15874237e-01
1.76955215e+01, 1.59523810e+00, 1.59523810e+00, 7.46164126e-01
1.92342626e+01, 1.65137499e+00, 1.65137499e+00, 7.69989708e-01
2.07730036e+01, 1.69677725e+00, 1.69677725e+00, 7.89046645e-01
2.23117446e+01, 1.73391559e+00, 1.73391559e+00, 8.04388406e-01
2.38504856e+01, 1.76459202e+00, 1.76459202e+00, 8.17006237e-01
2.53892266e+01, 1.79013695e+00, 1.79013695e+00, 8.27428290e-01
2.69279676e+01, 1.81157104e+00, 1.81157104e+00, 8.36102934e-01
2.84667086e+01, 1.82964747e+00, 1.82964747e+00, 8.43391223e-01
3.00054496e+01, 1.84497161e+00, 1.84497161e+00, 8.49538404e-01
3.15441906e+01, 1.85800100e+00, 1.85800100e+00, 8.54753158e-01
3.30829316e+01, 1.86911575e+00, 1.86911575e+00, 8.59122933e-01
3.46216726e+01, 1.87859743e+00, 1.87859743e+00, 8.62951385e-01
3.61604136e+01, 1.88669241e+00, 1.88669241e+00, 8.66128979e-01
3.76991546e+01, 1.89359778e+00, 1.89359778e+00, 8.68703418e-01
3.92378956e+01, 1.89947543e+00, 1.89947543e+00, 8.70995159e-01
4.07766366e+01, 1.90445912e+00, 1.90445912e+00, 8.73010693e-01
4.23153776e+01, 1.90866147e+00, 1.90866147e+00, 8.74491783e-01
4.38541186e+01, 1.91218102e+00, 1.91218102e+00, 8.75799957e-01
4.53928596e+01, 1.91509521e+00, 1.91509521e+00, 8.77006614e-01
4.69316006e+01, 1.91746739e+00, 1.91746739e+00, 8.77840654e-01
4.84703416e+01, 1.91936091e+00, 1.91936091e+00, 8.78487880e-01
5.00090826e+01, 1.92083209e+00, 1.92083209e+00, 8.78827301e-01
5.15478236e+01, 1.92191611e+00, 1.92191611e+00, 8.79280573e-01
5.30865646e+01, 1.92266226e+00, 1.92266226e+00, 8.79490865e-01
5.46253056e+01, 1.92309164e+00, 1.92309164e+00, 8.79515275e-01
5.61640466e+01, 1.92324650e+00, 1.92324650e+00, 8.79557191e-01
5.77027877e+01, 1.92314092e+00, 1.92314092e+00, 8.79283809e-01
5.92415287e+01, 1.92280304e+00, 1.92280304e+00, 8.79214100e-01
6.07802697e+01, 1.92226103e+00, 1.92226103e+00, 8.78972559e-01
6.23190107e+01, 1.92152192e+00, 1.92152192e+00, 8.78497924e-01
6.38577517e+01, 1.92060684e+00, 1.92060684e+00, 8.77910903e-01
6.53964927e+01, 1.91952985e+00, 1.91952985e+00, 8.77329118e-01
6.69352337e+01, 1.91829801e+00, 1.91829801e+00, 8.76871811e-01
6.84739747e+01, 1.91693946e+00, 1.91693946e+00, 8.76225077e-01
7.00127157e+01, 1.91544717e+00, 1.91544717e+00, 8.75474954e-01
7.15514567e+01, 1.91384225e+00, 1.91384225e+00, 8.74706862e-01
7.30901977e+01, 1.91212471e+00, 1.91212471e+00, 8.74003605e-01
7.46289387e+01, 1.91030862e+00, 1.91030862e+00, 8.73213438e-01
7.61676797e+01, 1.90839398e+00, 1.90839398e+00, 8.72161293e-01
7.77064207e+01, 1.90640191e+00, 1.90640191e+00, 8.71394110e-01
7.92451617e+01, 1.90432538e+00, 1.90432538e+00, 8.70489490e-01
8.07839027e+01, 1.90217141e+00, 1.90217141e+00, 8.69498733e-01
8.23226437e+01, 1.89994705e+00, 1.89994705e+00, 8.68470997e-01
8.38613847e+01, 1.89766638e+00, 1.89766638e+00, 8.67456910e-01
8.54001257e+01, 1.89531532e+00, 1.89531532e+00, 8.66508378e-01
8.69388667e+01, 1.89290794e+00, 1.89290794e+00, 8.65396470e-01
8.84776077e+01, 1.89045129e+00, 1.89045129e+00, 8.64437594e-01
9.00163487e+01, 1.88793833e+00, 1.88793833e+00, 8.63393819e-01
9.15550897e+01, 1.88537610e+00, 1.88537610e+00, 8.62005354e-01
9.30938307e+01, 1.88277866e+00, 1.88277866e+00, 8.60884857e-01
9.46325717e+01, 1.88013196e+00, 1.88013196e+00, 8.59780120e-01
9.61713128e+01, 1.87745006e+00, 1.87745006e+00, 8.58415841e-01
9.77100538e+01, 1.87472592e+00, 1.87472592e+00, 8.57433506e-01
9.92487948e+01, 1.87196659e+00, 1.87196659e+00, 8.56247193e-01
1.00787536e+02, 1.86917911e+00, 1.86917911e+00, 8.55196001e-01
1.02326277e+02, 1.86635642e+00, 1.86635642e+00, 8.53985763e-01
1.03865018e+02, 1.86350558e+00, 1.86350558e+00, 8.52632496e-01
1.05403759e+02, 1.86062659e+00, 1.86062659e+00, 8.51154845e-01
1.06942500e+02, 1.85771944e+00, 1.85771944e+00, 8.49909104e-01
1.08481241e+02, 1.85479117e+00, 1.85479117e+00, 8.48927773e-01
1.10019982e+02, 1.85183474e+00, 1.85183474e+00, 8.47541849e-01
1.11558723e+02, 1.84885016e+00, 1.84885016e+00, 8.46107205e-01
1.13097464e+02, 1.84585150e+00, 1.84585150e+00, 8.44999655e-01
1.14636205e+02, 1.84283172e+00, 1.84283172e+00, 8.43885599e-01
1.16174946e+02, 1.83979083e+00, 1.83979083e+00, 8.42412724e-01
1.17713687e+02, 1.83672881e+00, 1.83672881e+00, 8.40957615e-01
1.19252428e+02, 1.83365272e+00, 1.83365272e+00, 8.39535035e-01
1.20791169e+02, 1.83055551e+00, 1.83055551e+00, 8.38541874e-01
1.22329910e+02, 1.82744423e+00, 1.82744423e+00, 8.37236293e-01
1.23868651e+02, 1.82431886e+00, 1.82431886e+00, 8.35619140e-01
1.25407392e+02, 1.82117238e+00, 1.82117238e+00, 8.34483790e-01
1.26946133e+02, 1.81801886e+00, 1.81801886e+00, 8.33057598e-01
1.28484874e+02, 1.81484422e+00, 1.81484422e+00, 8.31344657e-01
1.30023615e+02, 1.81166255e+00, 1.81166255e+00, 8.30162559e-01
1.31562356e+02, 1.80845975e+00, 1.80845975e+00, 8.29127221e-01
1.33101097e+02, 1.80524992e+00, 1.80524992e+00, 8.27836814e-01
1.34639838e+02, 1.80203304e+00, 1.80203304e+00, 8.26289871e-01
1.36178579e+02, 1.79879505e+00, 1.79879505e+00, 8.24917519e-01
1.37717320e+02, 1.79555002e+00, 1.79555002e+00, 8.23302636e-01
1.39256061e+02, 1.79229796e+00, 1.79229796e+00, 8.21880686e-01
1.40794802e+02, 1.78903181e+00, 1.78903181e+00, 8.20667003e-01
1.42333543e+02, 1.78575862e+00, 1.78575862e+00, 8.19232453e-01
1.43872284e+02, 1.78247136e+00, 1.78247136e+00, 8.18025997e-01
1.45411025e+02, 1.77917706e+00, 1.77917706e+00, 8.16608980e-01
1.46949766e+02, 1.77587571e+00, 1.77587571e+00, 8.15439579e-01
1.48488507e+02, 1.77256029e+00, 1.77256029e+00, 8.14071620e-01
1.50027248e+02, 1.76923783e+00, 1.76923783e+00, 8.12042403e-01
1.51565989e+02, 1.76590834e+00, 1.76590834e+00, 8.10744411e-01
1.53104730e+02, 1.76257180e+00, 1.76257180e+00, 8.09733028e-01
1.54643471e+02, 1.75922822e+00, 1.75922822e+00, 8.08067422e-01
1.56182212e+02, 1.75587057e+00, 1.75587057e+00, 8.06697148e-01
1.57720953e+02, 1.75251291e+00, 1.75251291e+00, 8.05153028e-01
1.59259694e+02, 1.74914118e+00, 1.74914118e+00, 8.03923464e-01
1.60798435e+02, 1.74576945e+00, 1.74576945e+00, 8.02528532e-01
1.62337176e+02, 1.74238363e+00, 1.74238363e+00, 8.00970227e-01
1.63875917e+02, 1.73899782e+00, 1.73899782e+00, 7.99749505e-01
1.65414658e+02, 1.73559793e+00, 1.73559793e+00, 7.98375367e-01
1.66953399e+02, 1.73219804e+00, 1.73219804e+00, 7.96848856e-01
1.68492140e+02, 1.72879111e+00, 1.72879111e+00, 7.95171018e-01
1.70030881e+02, 1.72537011e+00, 1.72537011e+00, 7.93858057e-01
1.71569622e+02, 1.72194910e+00, 1.72194910e+00, 7.92402594e-01
1.73108363e+02, 1.71852105e+00, 1.71852105e+00, 7.91329900e-01
1.74647104e+02, 1.71508597e+00, 1.71508597e+00, 7.89598512e-01
1.76185845e+02, 1.71165088e+00, 1.71165088e+00, 7.87725194e-01
1.77724586e+02, 1.70820172e+00, 1.70820172e+00, 7.86787891e-01
1.79263327e+02, 1.70475256e+00, 1.70475256e+00, 7.85723683e-01
1.80802068e+02, 1.70128931e+00, 1.70128931e+00, 7.84000113e-01
1.82340809e+02, 1.69782607e+00, 1.69782607e+00, 7.82144201e-01
1.83879550e+02, 1.69435579e+00, 1.69435579e+00, 7.80712742e-01
1.85418291e+02, 1.69088551e+00, 1.69088551e+00, 7.79717250e-01
1.86957032e+02, 1.68740115e+00, 1.68740115e+00, 7.78050998e-01
1.88495773e+02, 1.68391679e+00, 1.68391679e+00, 7.76270522e-01
1.90034514e+02, 1.68042540e+00, 1.68042540e+00, 7.75501313e-01
1.91573255e+02, 1.67692696e+00, 1.67692696e+00, 7.74060235e-01
1.93111996e+02, 1.67342852e+00, 1.67342852e+00, 7.71944912e-01
1.94650737e+02, 1.66991601e+00, 1.66991601e+00, 7.70863884e-01
1.96189478e+02, 1.66640349e+00, 1.66640349e+00, 7.69679065e-01
1.97728219e+02, 1.66289097e+00, 1.66289097e+00, 7.67818760e-01
1.99266960e+02, 1.65936438e+00, 1.65936438e+00, 7.66432276e-01
2.00805701e+02, 1.65583779e+00, 1.65583779e+00, 7.64951186e-01
2.02344442e+02, 1.65230415e+00, 1.65230415e+00, 7.63376123e-01
2.03883183e+02, 1.64876348e+00, 1.64876348e+00, 7.61707723e-01
2.05421924e+02, 1.64522281e+00, 1.64522281e+00, 7.60535917e-01
2.06960665e+02, 1.64166806e+00, 1.64166806e+00, 7.59278628e-01
2.08499406e+02, 1.63812035e+00, 1.63812035e+00, 7.57327297e-01
2.10038147e+02, 1.63455856e+00, 1.63455856e+00, 7.55891013e-01
2.11576888e+02, 1.63099677e+00, 1.63099677e+00, 7.54979927e-01
2.13115629e+02, 1.62742794e+00, 1.62742794e+00, 7.53380052e-01
2.14654370e+02, 1.62385208e+00, 1.62385208e+00, 7.51691188e-01
2.16193111e+02, 1.62026917e+00, 1.62026917e+00, 7.49926857e-01
2.17731852e+02, 1.61668626e+00, 1.61668626e+00, 7.48689735e-01
2.19270593e+02, 1.61309632e+00, 1.61309632e+00, 7.47384410e-01
2.20809334e+02, 1.60950637e+00, 1.60950637e+00, 7.45371290e-01
2.22348075e+02, 1.60590939e+00, 1.60590939e+00, 7.44539494e-01
2.23886816e+02, 1.60230536e+00, 1.60230536e+00, 7.43007279e-01
2.25425557e+02, 1.59869430e+00, 1.59869430e+00, 7.40766171e-01
2.26964298e+02, 1.59508324e+00, 1.59508324e+00, 7.39719760e-01
2.28503039e+02, 1.59146513e+00, 1.59146513e+00, 7.38607821e-01
2.30041780e+02, 1.58783999e+00, 1.58783999e+00, 7.36785628e-01
2.31580521e+02, 1.58420781e+00, 1.58420781e+00, 7.34887043e-01
2.33119262e+02, 1.58057563e+00, 1.58057563e+00, 7.33575499e-01
2.34658003e+02, 1.57693641e+00, 1.57693641e+00, 7.32194331e-01
2.36196744e+02, 1.57329719e+00, 1.57329719e+00, 7.30749969e-01
2.37735485e+02, 1.56965094e+00, 1.56965094e+00, 7.29242857e-01
2.39274226e+02, 1.56599764e+00, 1.56599764e+00, 7.27667636e-01
2.40812967e+02, 1.56233730e+00, 1.56233730e+00, 7.26701260e-01
2.42351708e+02, 1.55867696e+00, 1.55867696e+00, 7.25005591e-01
2.43890449e+02, 1.55500959e+00, 1.55500959e+00, 7.23248999e-01
2.45429190e+02, 1.55133517e+00, 1.55133517e+00, 7.21431927e-01
2.46967931e+02, 1.54766076e+00, 1.54766076e+00, 7.19554819e-01
2.48506672e+02, 1.54397930e+00, 1.54397930e+00, 7.18969077e-01
2.50045413e+02, 1.54029081e+00, 1.54029081e+00, 7.17659391e-01
2.51584154e+02, 1.53660232e+00, 1.53660232e+00, 7.14923651e-01
2.53122895e+02, 1.53289975e+00, 1.53289975e+00, 7.13496627e-01
2.54661636e+02, 1.52920421e+00, 1.52920421e+00, 7.12705519e-01
2.56200377e+02, 1.52549460e+00, 1.52549460e+00, 7.11176028e-01
2.57739118e+02, 1.52178499e+00, 1.52178499e+00, 7.09594588e-01
2.59277859e+02, 1.51806834e+00, 1.51806834e+00, 7.07961580e-01
2.60816600e+02, 1.51435169e+00, 1.51435169e+00, 7.06272046e-01
2.62355341e+02, 1.51062097e+00, 1.51062097e+00, 7.04537073e-01
2.63894082e+02, 1.50689024e+00, 1.50689024e+00, 7.03455127e-01
2.65432823e+02, 1.50315951e+00, 1.50315951e+00, 7.01616832e-01
2.66971564e+02, 1.49942174e+00, 1.49942174e+00, 6.99728911e-01
2.68510305e+02, 1.49567694e+00, 1.49567694e+00, 6.98507516e-01
2.70049046e+02, 1.49192509e+00, 1.49192509e+00, 6.97236707e-01
2.71587787e+02, 1.48817325e+00, 1.48817325e+00, 6.95206783e-01
2.73126528e+02, 1.48441436e+00, 1.48441436e+00, 6.93846236e-01
2.74665269e+02, 1.48064844e+00, 1.48064844e+00, 6.92447540e-01
2.76204010e+02, 1.47688252e+00, 1.47688252e+00, 6.90278780e-01
2.77742751e+02, 1.47310955e+00, 1.47310955e+00, 6.89511524e-01
2.79281492e+02, 1.46932955e+00, 1.46932955e+00, 6.87979943e-01
2.80820233e+02, 1.46554955e+00, 1.46554955e+00, 6.85677732e-01
2.82358974e+02, 1.46176251e+00, 1.46176251e+00, 6.84065323e-01
2.83897715e+02, 1.45796843e+00, 1.45796843e+00, 6.83139624e-01
2.85436456e+02, 1.45416731e+00, 1.45416731e+00, 6.81442076e-01
2.86975197e+02, 1.45036619e+00, 1.45036619e+00, 6.79703835e-01
2.88513938e+02, 1.44656507e+00, 1.44656507e+00, 6.77930059e-01
2.90052679e+02, 1.44274988e+00, 1.44274988e+00, 6.76111355e-01
2.91591420e+02, 1.43893468e+00, 1.43893468e+00, 6.75001091e-01
2.93130161e+02, 1.43511244e+00, 1.43511244e+00, 6.73105209e-01
2.94668902e+02, 1.43129021e+00, 1.43129021e+00, 6.71174937e-01
2.96207643e+02, 1.42746093e+00, 1.42746093e+00, 6.69955190e-01
2.97746384e+02, 1.42362462e+00, 1.42362462e+00, 6.68696112e-01
2.99285125e+02, 1.41978830e+00, 1.41978830e+00, 6.66654092e-01
3.00823866e+02, 1.41594495e+00, 1.41594495e+00, 6.65329313e-01
3.02362607e+02, 1.41209456e+00, 1.41209456e+00, 6.63975312e-01
3.03901348e+02, 1.40824416e+00, 1.40824416e+00, 6.61824090e-01
3.05440089e+02, 1.40438673e+00, 1.40438673e+00, 6.60396643e-01
3.06978830e+02, 1.40052226e+00, 1.40052226e+00, 6.58178025e-01
3.08517571e+02, 1.39665779e+00, 1.39665779e+00, 6.56687395e-01
3.10056312e+02, 1.39278628e+00, 1.39278628e+00, 6.55930455e-01
3.11595053e+02, 1.38891477e+00, 1.38891477e+00, 6.53608636e-01
3.13133794e+02, 1.38502918e+00, 1.38502918e+00, 6.52021015e-01
3.14672535e+02, 1.38115063e+00, 1.38115063e+00, 6.50401569e-01
3.16211276e+02, 1.37725801e+00, 1.37725801e+00, 6.48754982e-01
3.17750017e+02, 1.37336538e+00, 1.37336538e+00, 6.47077037e-01
3.19288758e+02, 1.36946571e+00, 1.36946571e+00, 6.45367985e-01
3.20827499e+02, 1.36556605e+00, 1.36556605e+00, 6.43628081e-01
3.22366240e+02, 1.36165934e+00, 1.36165934e+00, 6.41861923e-01
3.23904981e+02, 1.35775263e+00, 1.35775263e+00, 6.40846897e-01
3.25443722e+02, 1.35383185e+00, 1.35383185e+00, 6.39021811e-01
3.26982463e+02, 1.34991811e+00, 1.34991811e+00, 6.37166823e-01
3.28521204e+02, 1.34599028e+00, 1.34599028e+00, 6.35286451e-01
3.30059945e+02, 1.34206246e+00, 1.34206246e+00, 6.33372398e-01
3.31598686e+02, 1.33813464e+00, 1.33813464e+00, 6.32226947e-01
3.33137427e+02, 1.33419274e+00, 1.33419274e+00, 6.30260517e-01
3.34676168e+02, 1.33025787e+00, 1.33025787e+00, 6.28269575e-01
3.36214909e+02, 1.32630893e+00, 1.32630893e+00, 6.27043873e-01
3.37753650e+02, 1.32235999e+00, 1.32235999e+00, 6.25792808e-01
3.39292391e+02, 1.31841105e+00, 1.31841105e+00, 6.23724129e-01
3.40831132e+02, 1.31445507e+00, 1.31445507e+00, 6.21627637e-01
3.42369873e+02, 1.31049206e+00, 1.31049206e+00, 6.20302947e-01
3.43908614e+02, 1.30652904e+00, 1.30652904e+00, 6.18157026e-01
3.45447355e+02, 1.30255898e+00, 1.30255898e+00, 6.16786052e-01
3.46986096e+02, 1.29858892e+00, 1.29858892e+00, 6.15390857e-01
3.48524837e+02, 1.29461183e+00, 1.29461183e+00, 6.13170971e-01
3.50063578e+02, 1.29062769e+00, 1.29062769e+00, 6.11730617e-01
3.51602319e+02, 1.28664355e+00, 1.28664355e+00, 6.09459369e-01
3.53141060e+02, 1.28265238e+00, 1.28265238e+00, 6.07974610e-01
3.54679801e+02, 1.27866121e+00, 1.27866121e+00, 6.06470512e-01
3.56218542e+02, 1.27467003e+00, 1.27467003e+00, 6.04128432e-01
3.57757283e+02, 1.27067182e+00, 1.27067182e+00, 6.02581001e-01
3.59296024e+02, 1.26666656e+00, 1.26666656e+00, 6.01006905e-01
3.60834765e+02, 1.26266131e+00, 1.26266131e+00, 5.99414152e-01
3.62373506e+02, 1.25864902e+00, 1.25864902e+00, 5.97802884e-01
3.63912247e+02, 1.25463673e+00, 1.25463673e+00, 5.96169390e-01
3.65450988e+02, 1.25061739e+00, 1.25061739e+00, 5.93696097e-01
3.66989729e+02, 1.24659806e+00, 1.24659806e+00, 5.92021467e-01
3.68528470e+02, 1.24257169e+00, 1.24257169e+00, 5.90325170e-01
3.70067211e+02, 1.23854532e+00, 1.23854532e+00, 5.88611182e-01
3.71605952e+02, 1.23451191e+00, 1.23451191e+00, 5.86879646e-01
3.73144693e+02, 1.23047850e+00, 1.23047850e+00, 5.85123196e-01
3.74683434e+02, 1.22643805e+00, 1.22643805e+00, 5.83353284e-01
3.76222175e+02, 1.22239761e+00, 1.22239761e+00, 5.81562561e-01
3.77760916e+02, 1.21835716e+00, 1.21835716e+00, 5.79751217e-01
3.79299657e+02, 1.21430967e+00, 1.21430967e+00, 5.77923132e-01
3.80838398e+02, 1.21026218e+00, 1.21026218e+00, 5.76078449e-01
3.82377140e+02, 1.20620766e+00, 1.20620766e+00, 5.74213652e-01
3.83915881e+02, 1.20214609e+00, 1.20214609e+00, 5.72328931e-01
3.85454622e+02, 1.19809156e+00, 1.19809156e+00, 5.70431729e-01
3.86993363e+02, 1.19403000e+00, 1.19403000e+00, 5.69342465e-01
3.88532104e+02, 1.18996139e+00, 1.18996139e+00, 5.67410674e-01
3.90070845e+02, 1.18589279e+00, 1.18589279e+00, 5.64626818e-01
3.91609586e+02, 1.18182418e+00, 1.18182418e+00, 5.62655875e-01
3.93148327e+02, 1.17774854e+00, 1.17774854e+00, 5.61503930e-01
3.94687068e+02, 1.17367289e+00, 1.17367289e+00, 5.59503216e-01
3.96225809e+02, 1.16959725e+00, 1.16959725e+00, 5.57483919e-01
3.97764550e+02, 1.16551457e+00, 1.16551457e+00, 5.56289766e-01
3.99303291e+02, 1.16143188e+00, 1.16143188e+00, 5.54238023e-01
4.00842032e+02, 1.15734920e+00, 1.15734920e+00, 5.52175171e-01
4.02380773e+02, 1.15325948e+00, 1.15325948e+00, 5.50090917e-01
4.03919514e+02, 1.14916975e+00, 1.14916975e+00, 5.47995841e-01
4.05458255e+02, 1.14507299e+00, 1.14507299e+00, 5.46722994e-01
4.06996996e+02, 1.14098327e+00, 1.14098327e+00, 5.44596949e-01
4.08535737e+02, 1.13688651e+00, 1.13688651e+00, 5.42457046e-01
4.10074478e+02, 1.13278271e+00, 1.13278271e+00, 5.41145021e-01
4.11613219e+02, 1.12868595e+00, 1.12868595e+00, 5.38975010e-01
4.13151960e+02, 1.12458215e+00, 1.12458215e+00, 5.36788221e-01
4.14690701e+02, 1.12047835e+00, 1.12047835e+00, 5.35434743e-01
4.16229442e+02, 1.11636751e+00, 1.11636751e+00, 5.33222101e-01
4.17768183e+02, 1.11226371e+00, 1.11226371e+00, 5.30996488e-01
4.19306924e+02, 1.10815287e+00, 1.10815287e+00, 5.29602707e-01
4.20845665e+02, 1.10404203e+00, 1.10404203e+00, 5.28193849e-01
4.22384406e+02, 1.09992415e+00, 1.09992415e+00, 5.25927785e-01
4.23923147e+02, 1.09581331e+00, 1.09581331e+00, 5.23649321e-01
4.25461888e+02, 1.09169543e+00, 1.09169543e+00, 5.21358597e-01
4.27000629e+02, 1.08757755e+00, 1.08757755e+00, 5.19055758e-01
4.28539370e+02, 1.08345967e+00, 1.08345967e+00, 5.17584836e-01
4.30078111e+02, 1.07934179e+00, 1.07934179e+00, 5.16102811e-01
4.31616852e+02, 1.07521687e+00, 1.07521687e+00, 5.14609779e-01
4.33155593e+02, 1.07109900e+00, 1.07109900e+00, 5.12257726e-01
4.34694334e+02, 1.06697408e+00, 1.06697408e+00, 5.09891081e-01
4.36233075e+02, 1.06284916e+00, 1.06284916e+00, 5.08365037e-01
4.37771816e+02, 1.05872424e+00, 1.05872424e+00, 5.05976293e-01
4.39310557e+02, 1.05459932e+00, 1.05459932e+00, 5.03576573e-01
4.40849298e+02, 1.05047441e+00, 1.05047441e+00, 5.02015453e-01
4.42388039e+02, 1.04634949e+00, 1.04634949e+00, 5.00444076e-01
4.43926780e+02, 1.04222457e+00, 1.04222457e+00, 4.98009591e-01
4.45465521e+02, 1.03809261e+00, 1.03809261e+00, 4.96417809e-01
4.47004262e+02, 1.03396769e+00, 1.03396769e+00, 4.94812998e-01
4.48543003e+02, 1.02983574e+00, 1.02983574e+00, 4.92348004e-01
4.50081744e+02, 1.02571082e+00, 1.02571082e+00, 4.89876041e-01
4.51620485e+02, 1.02157886e+00, 1.02157886e+00, 4.88241750e-01
4.53159226e+02, 1.01745395e+00, 1.01745395e+00, 4.86597935e-01
4.54697967e+02, 1.01332199e+00, 1.01332199e+00, 4.84090907e-01
4.56236708e+02, 1.00919707e+00, 1.00919707e+00, 4.81577428e-01
4.57775449e+02, 1.00507215e+00, 1.00507215e+00, 4.79905516e-01
4.59314190e+02, 1.00094020e+00, 1.00094020e+00, 4.78224493e-01
4.60852931e+02, 9.96815277e-01, 9.96815277e-01, 4.75680546e-01
4.62391672e+02, 9.92690359e-01, 9.92690359e-01, 4.73981589e-01
4.63930413e+02, 9.88565441e-01, 9.88565441e-01, 4.72270890e-01
4.65469154e+02, 9.84440523e-01, 9.84440523e-01, 4.70554415e-01
4.67007895e+02, 9.80315606e-01, 9.80315606e-01, 4.67978450e-01
4.68546636e+02, 9.76190688e-01, 9.76190688e-01, 4.65391187e-01
4.70085377e+02, 9.72065770e-01, 9.72065770e-01, 4.63649292e-01
4.71624118e+02, 9.67947891e-01, 9.67947891e-01, 4.61896227e-01
4.73162859e+02, 9.63830012e-01, 9.63830012e-01, 4.60137829e-01
4.74701600e+02, 9.59705094e-01, 9.59705094e-01, 4.57518066e-01
4.76240341e+02, 9.55594254e-01, 9.55594254e-01, 4.54893415e-01
4.77779082e+02, 9.51476376e-01, 9.51476376e-01, 4.53108462e-01
4.79317823e+02, 9.47358497e-01, 9.47358497e-01, 4.51318536e-01
4.80856564e+02, 9.43247657e-01, 9.43247657e-01, 4.49520908e-01
4.82395305e+02, 9.39136817e-01, 9.39136817e-01, 4.47712890e-01
4.83934046e+02, 9.35033017e-01, 9.35033017e-01, 4.45050819e-01
4.85472787e+02, 9.30922177e-01, 9.30922177e-01, 4.42381794e-01
4.87011528e+02, 9.26818376e-01, 9.26818376e-01, 4.41403666e-01
4.88550269e+02, 9.22714576e-01, 9.22714576e-01, 4.39569225e-01
4.90089010e+02, 9.18617814e-01, 9.18617814e-01, 4.36031049e-01
4.91627751e+02, 9.14521053e-01, 9.14521053e-01, 4.34185764e-01
4.93166492e+02, 9.10424291e-01, 9.10424291e-01, 4.32330870e-01
4.94705233e+02, 9.06334569e-01, 9.06334569e-01, 4.30471859e-01
4.96243974e+02, 9.02244847e-01, 9.02244847e-01, 4.28603451e-01
4.97782715e+02, 8.98162163e-01, 8.98162163e-01, 4.25884405e-01
4.99321456e+02, 8.94079480e-01, 8.94079480e-01, 4.24005882e-01
5.00860197e+02, 8.89996797e-01, 8.89996797e-01, 4.21274999e-01
5.02398938e+02, 8.85921153e-01, 8.85921153e-01, 4.19386741e-01
5.03937679e+02, 8.81852548e-01, 8.81852548e-01, 4.17489634e-01
5.05476420e+02, 8.77783943e-01, 8.77783943e-01, 4.15589001e-01
5.07015161e+02, 8.73715337e-01, 8.73715337e-01, 4.13682317e-01
5.08553902e+02, 8.69653772e-01, 8.69653772e-01, 4.10925888e-01
5.10092643e+02, 8.65599245e-01, 8.65599245e-01, 4.08167105e-01
5.11631384e+02, 8.61544718e-01, 8.61544718e-01, 4.06243813e-01
5.13170125e+02, 8.57497230e-01, 8.57497230e-01, 4.05159744e-01
5.14708866e+02, 8.53449742e-01, 8.53449742e-01, 4.02385455e-01
5.16247607e+02, 8.49409294e-01, 8.49409294e-01, 3.99609255e-01
5.17786348e+02, 8.45375884e-01, 8.45375884e-01, 3.97669486e-01
5.19325089e+02, 8.41342475e-01, 8.41342475e-01, 3.95724432e-01
5.20863830e+02, 8.37316104e-01, 8.37316104e-01, 3.93774189e-01
5.22402571e+02, 8.33296773e-01, 8.33296773e-01, 3.91818851e-01
5.23941312e+02, 8.29284481e-01, 8.29284481e-01, 3.89022558e-01
5.25480053e+02, 8.25272189e-01, 8.25272189e-01, 3.86225009e-01
5.27018794e+02, 8.21266936e-01, 8.21266936e-01, 3.85095791e-01
5.28557535e+02, 8.17268722e-01, 8.17268722e-01, 3.83126474e-01
5.30096276e+02, 8.13277547e-01, 8.13277547e-01, 3.80319052e-01
5.31635017e+02, 8.09286372e-01, 8.09286372e-01, 3.77506013e-01
5.33173758e+02, 8.05309275e-01, 8.05309275e-01, 3.75529167e-01
5.34712499e+02, 8.01332179e-01, 8.01332179e-01, 3.73545585e-01
5.36251240e+02, 7.97362121e-01, 7.97362121e-01, 3.71560102e-01
5.37789981e+02, 7.93406142e-01, 7.93406142e-01, 3.69572782e-01
5.39328722e+02, 7.89450163e-01, 7.89450163e-01, 3.66749722e-01
5.40867463e+02, 7.85501222e-01, 7.85501222e-01, 3.64755038e-01
5.42406204e+02, 7.81559321e-01, 7.81559321e-01, 3.61928647e-01
5.43944945e+02, 7.77624459e-01, 7.77624459e-01, 3.59929322e-01
5.45483686e+02, 7.73703676e-01, 7.73703676e-01, 3.57928561e-01
5.47022427e+02, 7.69782892e-01, 7.69782892e-01, 3.55096426e-01
5.48561168e+02, 7.65869147e-01, 7.65869147e-01, 3.53091553e-01
5.50099909e+02, 7.61969481e-01, 7.61969481e-01, 3.51085465e-01
5.51638650e+02, 7.58076853e-01, 7.58076853e-01, 3.49075992e-01
5.53177391e+02, 7.54191265e-01, 7.54191265e-01, 3.46238853e-01
5.54716132e+02, 7.50312716e-01, 7.50312716e-01, 3.44228188e-01
5.56254873e+02, 7.46441206e-01, 7.46441206e-01, 3.42214397e-01
5.57793614e+02, 7.42583774e-01, 7.42583774e-01, 3.39375843e-01
5.59332355e+02, 7.38726342e-01, 7.38726342e-01, 3.37359170e-01
5.60871096e+02, 7.34890028e-01, 7.34890028e-01, 3.35341811e-01
5.62409837e+02, 7.31053714e-01, 7.31053714e-01, 3.32504851e-01
5.63948578e+02, 7.27231477e-01, 7.27231477e-01, 3.30485116e-01
5.65487319e+02, 7.23416280e-01, 7.23416280e-01, 3.28464916e-01
5.67026060e+02, 7.19615161e-01, 7.19615161e-01, 3.25628205e-01
5.68564801e+02, 7.15821081e-01, 7.15821081e-01, 3.23606147e-01
5.70103542e+02, 7.12041080e-01, 7.12041080e-01, 3.20771789e-01
5.71642283e+02, 7.08268117e-01, 7.08268117e-01, 3.18750302e-01
5.73181024e+02, 7.04509233e-01, 7.04509233e-01, 3.16728708e-01
5.74719765e+02, 7.00755276e-01, 7.00755276e-01, 3.13895972e-01
5.76258506e+02, 6.97016102e-01, 6.97016102e-01, 3.11875392e-01
5.77797247e+02, 6.93288893e-01, 6.93288893e-01, 3.09854907e-01
5.79335988e+02, 6.89572948e-01, 6.89572948e-01, 3.07024610e-01
5.80874729e+02, 6.85868264e-01, 6.85868264e-01, 3.05005582e-01
5.82413470e+02, 6.82176252e-01, 6.82176252e-01, 3.02986850e-01
5.83952211e+02, 6.78496206e-01, 6.78496206e-01, 3.00161780e-01
5.85490952e+02, 6.74829534e-01, 6.74829534e-01, 2.97341312e-01
5.87029693e+02, 6.71174828e-01, 6.71174828e-01, 2.95326075e-01
5.88568434e+02, 6.67532793e-01, 6.67532793e-01, 2.93309476e-01
5.90107175e+02, 6.63904836e-01, 6.63904836e-01, 2.90495191e-01
5.91645916e+02, 6.60289550e-01, 6.60289550e-01, 2.88484911e-01
5.93184657e+02, 6.56688342e-01, 6.56688342e-01, 2.85675509e-01
5.94723398e+02, 6.53101212e-01, 6.53101212e-01, 2.83666080e-01
5.96262139e+02, 6.49527456e-01, 6.49527456e-01, 2.81659427e-01
5.97800880e+02, 6.45969186e-01, 6.45969186e-01, 2.78859253e-01
5.99339621e+02, 6.42424291e-01, 6.42424291e-01, 2.76064306e-01
6.00878362e+02, 6.38895586e-01, 6.38895586e-01, 2.74064907e-01
6.02417103e+02, 6.35380958e-01, 6.35380958e-01, 2.72066649e-01
6.03955844e+02, 6.31882521e-01, 6.31882521e-01, 2.69279916e-01
6.05494585e+02, 6.28398866e-01, 6.28398866e-01, 2.66498685e-01
6.07033326e+02, 6.24932105e-01, 6.24932105e-01, 2.64510235e-01
6.08572067e+02, 6.21480830e-01, 6.21480830e-01, 2.62523158e-01
6.10110808e+02, 6.18046448e-01, 6.18046448e-01, 2.59752765e-01
6.11649549e+02, 6.14628257e-01, 6.14628257e-01, 2.56989848e-01
6.13188290e+02, 6.11226960e-01, 6.11226960e-01, 2.55011503e-01
6.14727031e+02, 6.07843260e-01, 6.07843260e-01, 2.53038205e-01
6.16265772e+02, 6.04477158e-01, 6.04477158e-01, 2.49507135e-01
6.17804513e+02, 6.01128654e-01, 6.01128654e-01, 2.47541439e-01
6.19343254e+02, 5.97798451e-01, 5.97798451e-01, 2.45579185e-01
6.20881995e+02, 5.94486550e-01, 5.94486550e-01, 2.42844544e-01
6.22420736e+02, 5.91192951e-01, 5.91192951e-01, 2.40115995e-01
6.23959477e+02, 5.87919062e-01, 5.87919062e-01, 2.37393586e-01
6.25498218e+02, 5.84663474e-01, 5.84663474e-01, 2.35447720e-01
6.27036959e+02, 5.81428299e-01, 5.81428299e-01, 2.33507090e-01
6.28575700e+02, 5.78212130e-01, 5.78212130e-01, 2.30800773e-01
6.30114441e+02, 5.75016375e-01, 5.75016375e-01, 2.28100774e-01
6.31653182e+02, 5.71841032e-01, 5.71841032e-01, 2.25407143e-01
6.33191923e+02, 5.68686104e-01, 5.68686104e-01, 2.23486828e-01
6.34730664e+02, 5.65552996e-01, 5.65552996e-01, 2.21570283e-01
6.36269405e+02, 5.62440302e-01, 5.62440302e-01, 2.18132139e-01
6.37808146e+02, 5.59350133e-01, 5.59350133e-01, 2.15464551e-01
6.39346887e+02, 5.56281786e-01, 5.56281786e-01, 2.13566510e-01
6.40885628e+02, 5.53235259e-01, 5.53235259e-01, 2.10912189e-01
6.42424369e+02, 5.50211258e-01, 5.50211258e-01, 2.08267396e-01
6.43963110e+02, 5.47210486e-01, 5.47210486e-01, 2.06385204e-01
6.45501851e+02, 5.44232943e-01, 5.44232943e-01, 2.03753753e-01
6.47040592e+02, 5.41279333e-01, 5.41279333e-01, 2.01128969e-01
6.48579333e+02, 5.38348951e-01, 5.38348951e-01, 1.98513688e-01
6.50118074e+02, 5.35443207e-01, 5.35443207e-01, 1.95905107e-01
6.51656815e+02, 5.32562100e-01, 5.32562100e-01, 1.94055245e-01
6.53195556e+02, 5.29705629e-01, 5.29705629e-01, 1.91462866e-01
6.54734297e+02, 5.26875204e-01, 5.26875204e-01, 1.88877229e-01
6.56273038e+02, 5.24069415e-01, 5.24069415e-01, 1.86301021e-01
6.57811779e+02, 5.21290374e-01, 5.21290374e-01, 1.83734194e-01
6.59350520e+02, 5.18536675e-01, 5.18536675e-01, 1.81174124e-01
6.60889261e+02, 5.15810428e-01, 5.15810428e-01, 1.78624677e-01
6.62428002e+02, 5.13110930e-01, 5.13110930e-01, 1.76821827e-01
6.63966743e+02, 5.10438884e-01, 5.10438884e-01, 1.74288334e-01
6.65505484e+02, 5.07794291e-01, 5.07794291e-01, 1.71025644e-01
6.67044225e+02, 5.05177854e-01, 5.05177854e-01, 1.68509445e-01
6.68582966e+02, 5.02589573e-01, 5.02589573e-01, 1.66738145e-01
6.70121707e+02, 5.00030857e-01, 5.00030857e-01, 1.64240097e-01
6.71660448e+02, 4.97500297e-01, 4.97500297e-01, 1.61018037e-01
6.73199189e+02, 4.95000006e-01, 4.95000006e-01, 1.58539369e-01
6.74737930e+02, 4.92529279e-01, 4.92529279e-01, 1.56798953e-01
6.76276671e+02, 4.90088819e-01, 4.90088819e-01, 1.54336852e-01
6.77815412e+02, 4.87678629e-01, 4.87678629e-01, 1.51157998e-01
6.79354153e+02, 4.85299410e-01, 4.85299410e-01, 1.48715926e-01
6.80892894e+02, 4.82951867e-01, 4.82951867e-01, 1.46283654e-01
6.82431635e+02, 4.80636000e-01, 4.80636000e-01, 1.43860034e-01
6.83970376e+02, 4.78351809e-01, 4.78351809e-01, 1.41446054e-01
6.85509117e+02, 4.76099998e-01, 4.76099998e-01, 1.38321197e-01
6.87047858e+02, 4.73881271e-01, 4.73881271e-01, 1.35927442e-01
6.88586599e+02, 4.71695627e-01, 4.71695627e-01, 1.34261005e-01
6.90125340e+02, 4.69543772e-01, 4.69543772e-01, 1.31167871e-01
6.91664081e+02, 4.67425000e-01, 4.67425000e-01, 1.28086299e-01
6.93202822e+02, 4.65341424e-01, 4.65341424e-01, 1.26444917e-01
6.94741563e+02, 4.63291635e-01, 4.63291635e-01, 1.24097853e-01
6.96280304e+02, 4.61277042e-01, 4.61277042e-01, 1.21048479e-01
6.97819045e+02, 4.59297645e-01, 4.59297645e-01, 1.18721012e-01
6.99357786e+02, 4.57354147e-01, 4.57354147e-01, 1.16403016e-01
7.00896527e+02, 4.55446548e-01, 4.55446548e-01, 1.13384843e-01
7.02435268e+02, 4.53575553e-01, 4.53575553e-01, 1.10378918e-01
7.03974009e+02, 4.51741161e-01, 4.51741161e-01, 1.08089853e-01
7.05512750e+02, 4.49943373e-01, 4.49943373e-01, 1.06515883e-01
7.07051491e+02, 4.48183595e-01, 4.48183595e-01, 1.03539058e-01
7.08590232e+02, 4.46461125e-01, 4.46461125e-01, 1.00573700e-01
7.10128973e+02, 4.44777370e-01, 4.44777370e-01, 9.83218534e-02
7.11667714e+02, 4.43131627e-01, 4.43131627e-01, 9.60782588e-02
7.13206455e+02, 4.41524598e-01, 4.41524598e-01, 9.31424541e-02
7.14745196e+02, 4.39956988e-01, 4.39956988e-01, 9.02172291e-02
7.16283937e+02, 4.38428798e-01, 4.38428798e-01, 8.80007491e-02
7.17822678e+02, 4.36940026e-01, 4.36940026e-01, 8.57925050e-02
7.19361419e+02, 4.35491378e-01, 4.35491378e-01, 8.35923065e-02
7.20900160e+02, 4.34082852e-01, 4.34082852e-01, 8.07042374e-02
7.22438901e+02, 4.32715153e-01, 4.32715153e-01, 7.78255445e-02
7.23977642e+02, 4.31388985e-01, 4.31388985e-01, 7.49559743e-02
7.25516383e+02, 4.30102940e-01, 4.30102940e-01, 7.27890514e-02
7.27055124e+02, 4.28859129e-01, 4.28859129e-01, 7.06291289e-02
7.28593865e+02, 4.27657553e-01, 4.27657553e-01, 6.77843399e-02
7.30132606e+02, 4.26497508e-01, 4.26497508e-01, 6.49481561e-02
7.31671347e+02, 4.25379697e-01, 4.25379697e-01, 6.28104860e-02
7.33210088e+02, 4.24304825e-01, 4.24304825e-01, 5.99894170e-02
7.34748829e+02, 4.23272188e-01, 4.23272188e-01, 5.71765098e-02
7.36287570e+02, 4.22283193e-01, 4.22283193e-01, 5.50587850e-02
7.37826311e+02, 4.21337137e-01, 4.21337137e-01, 5.29469256e-02
7.39365052e+02, 4.20435427e-01, 4.20435427e-01, 5.01536575e-02
7.40903793e+02, 4.19576656e-01, 4.19576656e-01, 4.66804221e-02
7.42442534e+02, 4.18762231e-01, 4.18762231e-01, 4.45866760e-02
7.43981275e+02, 4.17991449e-01, 4.17991449e-01, 4.24974069e-02
7.45520016e+02, 4.17265716e-01, 4.17265716e-01, 3.97280806e-02
7.47058757e+02, 4.16583627e-01, 4.16583627e-01, 3.69642659e-02
7.48597498e+02, 4.15946587e-01, 4.15946587e-01, 3.48891559e-02
7.50136239e+02, 4.15354598e-01, 4.15354598e-01, 3.21343900e-02
7.51674980e+02, 4.14807660e-01, 4.14807660e-01, 2.93841115e-02
7.53213721e+02, 4.14305771e-01, 4.14305771e-01, 2.66377345e-02
7.54752462e+02, 4.13848933e-01, 4.13848933e-01, 2.38951269e-02
7.56291203e+02, 4.13437145e-01, 4.13437145e-01, 2.18381884e-02
7.57829944e+02, 4.13071111e-01, 4.13071111e-01, 1.91016150e-02
7.59368685e+02, 4.12750832e-01, 4.12750832e-01, 1.70497341e-02
7.60907426e+02, 4.12476307e-01, 4.12476307e-01, 1.43180072e-02
7.62446167e+02, 4.12246832e-01, 4.12246832e-01, 1.15881650e-02
7.63984909e+02, 4.12063815e-01, 4.12063815e-01, 8.85995943e-03
7.65523650e+02, 4.11926552e-01, 4.11926552e-01, 6.13296282e-03
7.67062391e+02, 4.11834340e-01, 4.11834340e-01, 4.08829344e-03
7.68601132e+02, 4.11788586e-01, 4.11788586e-01, 1.36270113e-03
