/*--------------------------------*- C++ -*----------------------------------*\
| =========                 |                                                 |
| \\      /  F ield         | OpenFOAM: The Open Source CFD Toolbox           |
|  \\    /   O peration     | Version:  2406                                  |
|   \\  /    A nd           | Website:  www.openfoam.com                      |
|    \\/     M anipulation  |                                                 |
\*---------------------------------------------------------------------------*/
FoamFile
{
    version     2.0;
    format      ascii;
    arch        "LSB;label=32;scalar=64";
    class       volScalarField;
    location    "22.905";
    object      p;
}
// * * * * * * * * * * * * * * * * * * * * * * * * * * * * * * * * * * * * * //

dimensions      [0 2 -2 0 0 0 0];

internalField   nonuniform List<scalar> 
1000
(
2.86717e-19
2.48511e-18
2.9118e-18
2.74102e-18
2.59781e-18
2.53748e-18
2.52347e-18
2.56313e-18
2.66315e-18
2.51739e-18
2.3873e-18
2.3873e-18
2.29797e-18
2.29797e-18
2.11544e-18
2.33575e-18
2.42316e-18
2.39944e-18
2.34821e-18
2.34821e-18
2.40722e-18
2.47018e-18
2.47018e-18
2.47018e-18
2.47018e-18
2.47018e-18
2.55323e-18
2.55323e-18
2.55323e-18
2.55323e-18
2.55323e-18
2.55323e-18
2.55323e-18
2.55323e-18
2.55323e-18
2.55323e-18
2.55323e-18
2.55323e-18
2.55323e-18
2.55323e-18
2.55323e-18
2.55323e-18
2.55323e-18
2.55323e-18
2.55323e-18
2.55323e-18
2.55323e-18
2.55323e-18
2.55323e-18
2.55323e-18
2.55324e-18
2.55324e-18
2.55324e-18
2.55324e-18
2.55324e-18
2.55324e-18
2.55324e-18
2.55324e-18
2.55324e-18
2.55324e-18
2.55324e-18
2.55324e-18
2.55324e-18
2.55324e-18
2.55324e-18
2.55324e-18
2.55324e-18
2.55324e-18
2.55324e-18
2.55324e-18
2.55324e-18
2.55324e-18
2.55324e-18
2.55324e-18
2.55324e-18
2.55324e-18
2.55324e-18
2.55324e-18
2.55324e-18
2.55324e-18
2.55324e-18
2.55324e-18
2.55324e-18
2.55324e-18
2.55324e-18
2.55324e-18
2.55324e-18
2.55324e-18
2.55324e-18
2.55324e-18
2.55324e-18
2.55324e-18
2.55324e-18
2.55324e-18
2.55324e-18
2.55324e-18
2.55325e-18
2.55325e-18
2.55325e-18
2.55325e-18
2.55325e-18
2.55325e-18
2.55325e-18
2.55325e-18
2.55325e-18
2.55325e-18
2.55325e-18
2.55325e-18
2.55325e-18
2.55325e-18
2.55325e-18
2.55325e-18
2.55325e-18
2.55325e-18
2.55325e-18
2.55325e-18
2.55325e-18
2.55325e-18
2.55325e-18
2.55325e-18
2.55325e-18
2.55325e-18
2.55325e-18
2.55325e-18
2.55325e-18
2.55325e-18
2.55325e-18
2.55325e-18
2.55326e-18
2.55326e-18
2.55326e-18
2.55326e-18
2.55326e-18
2.55326e-18
2.55326e-18
2.55326e-18
2.55326e-18
2.55326e-18
2.55326e-18
3.43644e-18
5.65497e-18
3.87177e-18
3.4239e-18
3.87383e-18
4.32578e-18
4.77975e-18
5.2357e-18
5.69363e-18
6.1535e-18
6.6153e-18
7.079e-18
7.54459e-18
8.01205e-18
8.48135e-18
8.95247e-18
9.42539e-18
9.90009e-18
1.03766e-17
1.08548e-17
1.13347e-17
1.18163e-17
1.22996e-17
1.27845e-17
1.32711e-17
1.37593e-17
1.42491e-17
1.47404e-17
1.52334e-17
1.57278e-17
1.62237e-17
1.47314e-17
1.07402e-17
1.57437e-17
1.82526e-17
1.87558e-17
1.92603e-17
1.97659e-17
2.02722e-17
2.0779e-17
2.12861e-17
2.17934e-17
2.23008e-17
2.28085e-17
2.33162e-17
2.38242e-17
2.43325e-17
2.4841e-17
2.53498e-17
2.5859e-17
2.63686e-17
2.68786e-17
2.7389e-17
2.78998e-17
2.84111e-17
2.89228e-17
2.9435e-17
2.99477e-17
3.04609e-17
3.09745e-17
3.14886e-17
3.20032e-17
3.25182e-17
3.14873e-17
2.83919e-17
3.20061e-17
3.35563e-17
3.35563e-17
3.35563e-17
3.35563e-17
3.35563e-17
3.35563e-17
3.35563e-17
3.35563e-17
3.35563e-17
3.35563e-17
3.35563e-17
3.35563e-17
3.35563e-17
3.35563e-17
3.35563e-17
3.35563e-17
3.35563e-17
3.35563e-17
3.35563e-17
3.35563e-17
3.35563e-17
3.35563e-17
3.35563e-17
3.35563e-17
3.35563e-17
3.35563e-17
3.35563e-17
3.35563e-17
3.35563e-17
3.35563e-17
3.35563e-17
3.35563e-17
3.35564e-17
3.35564e-17
3.35564e-17
3.35564e-17
3.35564e-17
3.35564e-17
3.35564e-17
3.35564e-17
3.35564e-17
3.35564e-17
3.35564e-17
3.35564e-17
3.35564e-17
3.35564e-17
3.35564e-17
3.35564e-17
3.35564e-17
3.35564e-17
3.35564e-17
3.35564e-17
3.35564e-17
3.35564e-17
3.35564e-17
3.35564e-17
3.35564e-17
3.35564e-17
3.35564e-17
3.35564e-17
3.35564e-17
3.35564e-17
3.35564e-17
3.35564e-17
3.35564e-17
3.35564e-17
3.35564e-17
3.35564e-17
3.35564e-17
3.35564e-17
3.35564e-17
3.35564e-17
3.35564e-17
3.35564e-17
3.35564e-17
3.35564e-17
3.35564e-17
3.35564e-17
3.35564e-17
3.35564e-17
3.35564e-17
3.35564e-17
3.35564e-17
3.35564e-17
3.35564e-17
3.35564e-17
3.35564e-17
3.35564e-17
3.35564e-17
3.35564e-17
3.35564e-17
3.35564e-17
3.35564e-17
3.35564e-17
3.35564e-17
3.35564e-17
3.35564e-17
3.35564e-17
3.35564e-17
3.35564e-17
3.35564e-17
3.35564e-17
3.35564e-17
3.35564e-17
3.35564e-17
3.35564e-17
3.35564e-17
3.35564e-17
3.35564e-17
3.35564e-17
3.35564e-17
3.35564e-17
3.35564e-17
3.35564e-17
3.35564e-17
3.35564e-17
3.35564e-17
3.35564e-17
3.35564e-17
3.35564e-17
3.35564e-17
3.35564e-17
3.35564e-17
3.35564e-17
3.35564e-17
3.35564e-17
3.35564e-17
3.35564e-17
3.35564e-17
3.35564e-17
3.35564e-17
3.35564e-17
3.35564e-17
3.35564e-17
3.35564e-17
3.35564e-17
3.35564e-17
3.35564e-17
3.35564e-17
3.35564e-17
3.35564e-17
3.35564e-17
3.35564e-17
3.35564e-17
3.35564e-17
3.35564e-17
3.35564e-17
3.35564e-17
3.35564e-17
3.35564e-17
3.35564e-17
3.35564e-17
3.35564e-17
3.35564e-17
3.35564e-17
3.35564e-17
3.35564e-17
3.35564e-17
3.35564e-17
3.35564e-17
3.35564e-17
3.35564e-17
3.35564e-17
3.35564e-17
3.35564e-17
3.35564e-17
3.35564e-17
3.35564e-17
3.35564e-17
3.35564e-17
3.35564e-17
3.35564e-17
3.35564e-17
3.35564e-17
3.35564e-17
3.35564e-17
3.35564e-17
3.35564e-17
3.35564e-17
3.35564e-17
3.35564e-17
3.35564e-17
3.35564e-17
3.35564e-17
3.35564e-17
3.35564e-17
3.35564e-17
3.35564e-17
3.35564e-17
3.35564e-17
3.35564e-17
3.35564e-17
3.35564e-17
3.35564e-17
3.35564e-17
3.35564e-17
3.35564e-17
3.35564e-17
3.35564e-17
3.35564e-17
3.35564e-17
3.35564e-17
3.35564e-17
3.35564e-17
3.35564e-17
3.35564e-17
3.35564e-17
3.35564e-17
3.35564e-17
3.35564e-17
3.35564e-17
3.35564e-17
3.35564e-17
3.35564e-17
3.35564e-17
3.35564e-17
3.35564e-17
3.35564e-17
3.35564e-17
3.35564e-17
3.35564e-17
3.35564e-17
3.35564e-17
3.35564e-17
3.35564e-17
3.35564e-17
3.35564e-17
3.35564e-17
3.35564e-17
3.35564e-17
3.35564e-17
3.35564e-17
3.35564e-17
3.35564e-17
3.35564e-17
3.35564e-17
3.35564e-17
3.35564e-17
3.35564e-17
3.35564e-17
3.35564e-17
3.35564e-17
3.35564e-17
3.35564e-17
3.35564e-17
3.35564e-17
3.35564e-17
3.35564e-17
3.35564e-17
3.35564e-17
3.35564e-17
3.35564e-17
3.35564e-17
3.35564e-17
3.35564e-17
3.35564e-17
3.35564e-17
3.35564e-17
3.35564e-17
3.35564e-17
3.35564e-17
3.35564e-17
3.35564e-17
3.35564e-17
3.35564e-17
3.35564e-17
3.35564e-17
3.35564e-17
3.35564e-17
3.35564e-17
3.35564e-17
3.35564e-17
3.35564e-17
3.35564e-17
3.35564e-17
3.35564e-17
3.35564e-17
3.35564e-17
3.35564e-17
3.35564e-17
3.35564e-17
3.35564e-17
3.35564e-17
3.35564e-17
3.35564e-17
3.35564e-17
3.35564e-17
3.35564e-17
3.35564e-17
3.35564e-17
3.35564e-17
3.35564e-17
3.35564e-17
3.35564e-17
3.35564e-17
3.35564e-17
3.35564e-17
3.35564e-17
3.35564e-17
3.35564e-17
3.35564e-17
3.35564e-17
3.35564e-17
3.35564e-17
3.35564e-17
3.35564e-17
3.35564e-17
3.35564e-17
3.35564e-17
3.35564e-17
3.35564e-17
3.35564e-17
3.35564e-17
3.35564e-17
3.35564e-17
3.35564e-17
3.35564e-17
3.35564e-17
3.35564e-17
3.35564e-17
3.35564e-17
3.35564e-17
3.35564e-17
3.35564e-17
3.35564e-17
3.35564e-17
3.35564e-17
3.35564e-17
3.35564e-17
3.35564e-17
3.35564e-17
3.35564e-17
3.35564e-17
3.35564e-17
3.35564e-17
3.35564e-17
3.35564e-17
3.35564e-17
3.35564e-17
3.35564e-17
3.35564e-17
3.35564e-17
3.35564e-17
3.35564e-17
3.35564e-17
3.35564e-17
3.35564e-17
3.35564e-17
3.35564e-17
3.35564e-17
3.35564e-17
3.35564e-17
3.35564e-17
3.35564e-17
3.35564e-17
3.35564e-17
3.35564e-17
3.35564e-17
3.35564e-17
3.35564e-17
3.35564e-17
3.35564e-17
3.35564e-17
3.35564e-17
3.35564e-17
3.35564e-17
3.35564e-17
3.35564e-17
3.35564e-17
3.35564e-17
3.35564e-17
3.35564e-17
3.35564e-17
3.35564e-17
3.35564e-17
3.35564e-17
3.35564e-17
3.35564e-17
3.35564e-17
3.35564e-17
3.35564e-17
3.35564e-17
3.35564e-17
3.35564e-17
3.35564e-17
3.35564e-17
3.35564e-17
3.35564e-17
3.35564e-17
3.35564e-17
3.35564e-17
3.35564e-17
3.35564e-17
3.35564e-17
3.35564e-17
3.35564e-17
3.35564e-17
3.35564e-17
3.35564e-17
3.35564e-17
3.35564e-17
3.35564e-17
3.35564e-17
3.35564e-17
3.35564e-17
3.35564e-17
3.35564e-17
3.35564e-17
3.35564e-17
3.35564e-17
3.35564e-17
3.35564e-17
3.35564e-17
3.35564e-17
3.35564e-17
3.35564e-17
3.35564e-17
3.35564e-17
3.35564e-17
3.35564e-17
3.35564e-17
3.35564e-17
3.35564e-17
3.35564e-17
3.35564e-17
3.35564e-17
3.35564e-17
3.35564e-17
3.35564e-17
3.35564e-17
3.35564e-17
3.35564e-17
3.35564e-17
3.35564e-17
3.35564e-17
3.35564e-17
3.35564e-17
3.35564e-17
3.35564e-17
3.35564e-17
3.35564e-17
3.35564e-17
3.35564e-17
3.35564e-17
3.35564e-17
3.35564e-17
3.35564e-17
3.35564e-17
3.35564e-17
3.35564e-17
3.35564e-17
3.35564e-17
3.35564e-17
3.35564e-17
3.35564e-17
3.35564e-17
3.35564e-17
3.35564e-17
3.35564e-17
3.35564e-17
3.35564e-17
3.35564e-17
3.35564e-17
3.35564e-17
3.35564e-17
3.35564e-17
3.35564e-17
3.35564e-17
3.35564e-17
3.35564e-17
3.35564e-17
3.35564e-17
3.35564e-17
3.35564e-17
3.35564e-17
3.35564e-17
3.35564e-17
3.35564e-17
3.35564e-17
3.35564e-17
3.35564e-17
3.35564e-17
3.35564e-17
3.35564e-17
3.35564e-17
3.35564e-17
3.35564e-17
3.35564e-17
3.35564e-17
3.35564e-17
3.35564e-17
3.35564e-17
3.35564e-17
3.35564e-17
3.35564e-17
3.35564e-17
3.35564e-17
3.35564e-17
3.35564e-17
3.35564e-17
3.35564e-17
3.35564e-17
3.35564e-17
3.35564e-17
3.35564e-17
3.35564e-17
3.35564e-17
3.35564e-17
3.35564e-17
3.35564e-17
3.35564e-17
3.35564e-17
3.35564e-17
3.35564e-17
3.35564e-17
3.35564e-17
3.35564e-17
3.35564e-17
3.35564e-17
3.35564e-17
3.35564e-17
3.35564e-17
3.35564e-17
3.35564e-17
3.35564e-17
3.35564e-17
3.35564e-17
3.35564e-17
3.35564e-17
3.35564e-17
3.35564e-17
3.35564e-17
3.35564e-17
3.35564e-17
3.35564e-17
3.35564e-17
3.35564e-17
3.35564e-17
3.35564e-17
3.35564e-17
3.35564e-17
3.35564e-17
3.35564e-17
3.35564e-17
3.35564e-17
3.35564e-17
3.35564e-17
3.35564e-17
3.35564e-17
3.35564e-17
3.35564e-17
3.35564e-17
3.35564e-17
3.35564e-17
3.35564e-17
3.35564e-17
3.35564e-17
3.35564e-17
3.35564e-17
3.35564e-17
3.35564e-17
3.35564e-17
3.35564e-17
3.35564e-17
3.35564e-17
3.35564e-17
3.35564e-17
3.35564e-17
3.35564e-17
3.35564e-17
3.35564e-17
3.35564e-17
3.35564e-17
3.35564e-17
3.35564e-17
3.35564e-17
3.35564e-17
3.35564e-17
3.35564e-17
3.35564e-17
3.35564e-17
3.35564e-17
3.35564e-17
3.35564e-17
3.35564e-17
3.35564e-17
3.35564e-17
3.35564e-17
3.35564e-17
3.35564e-17
3.35564e-17
3.35564e-17
3.35564e-17
3.35564e-17
3.35564e-17
3.35564e-17
3.35564e-17
3.35564e-17
3.35564e-17
3.35564e-17
3.35564e-17
3.35564e-17
3.35564e-17
3.35564e-17
3.35564e-17
3.35564e-17
3.35564e-17
3.35564e-17
3.35564e-17
3.35564e-17
3.35564e-17
3.35564e-17
3.35564e-17
3.35564e-17
3.35564e-17
3.35564e-17
3.35564e-17
3.35564e-17
3.35564e-17
3.35564e-17
3.35564e-17
3.35564e-17
3.35564e-17
3.35564e-17
3.35564e-17
3.35564e-17
3.35564e-17
3.35564e-17
3.35564e-17
3.35564e-17
3.35564e-17
3.35564e-17
3.35564e-17
3.35564e-17
3.35564e-17
3.35564e-17
3.35564e-17
3.35564e-17
3.35564e-17
3.35564e-17
3.35564e-17
3.35564e-17
3.35564e-17
3.35564e-17
3.35564e-17
3.35564e-17
3.35564e-17
3.35564e-17
3.35564e-17
3.35564e-17
3.35564e-17
3.35564e-17
3.35564e-17
3.35564e-17
3.35564e-17
3.35564e-17
3.35564e-17
3.35564e-17
3.35564e-17
3.35564e-17
3.35564e-17
3.35564e-17
3.35564e-17
3.35564e-17
3.35564e-17
3.35564e-17
3.35564e-17
3.35564e-17
3.35564e-17
3.35564e-17
3.35564e-17
3.35564e-17
3.35564e-17
3.35564e-17
3.35564e-17
3.35564e-17
3.35564e-17
3.35564e-17
3.35564e-17
3.35564e-17
3.35564e-17
3.35564e-17
3.35564e-17
3.35564e-17
3.35564e-17
3.35564e-17
3.35564e-17
3.35564e-17
3.35564e-17
3.35564e-17
3.35564e-17
3.35564e-17
3.35564e-17
3.35564e-17
3.35564e-17
3.35564e-17
3.35564e-17
3.35564e-17
3.35564e-17
3.35564e-17
3.35564e-17
3.35564e-17
3.35564e-17
3.35564e-17
3.35564e-17
3.35564e-17
3.35564e-17
3.35564e-17
3.35564e-17
3.35564e-17
3.35564e-17
3.35564e-17
3.35564e-17
3.35564e-17
3.35564e-17
3.35564e-17
3.35564e-17
3.35564e-17
3.35564e-17
3.35564e-17
3.35564e-17
3.35564e-17
3.35564e-17
3.35564e-17
3.35564e-17
3.35564e-17
3.35564e-17
3.35564e-17
3.35564e-17
3.35564e-17
3.35564e-17
3.35564e-17
3.35564e-17
3.35564e-17
3.35564e-17
3.35564e-17
3.35564e-17
3.35564e-17
3.35564e-17
3.35564e-17
3.35564e-17
3.35564e-17
3.35564e-17
3.35564e-17
3.35564e-17
3.35564e-17
3.35564e-17
3.35564e-17
3.35564e-17
3.35564e-17
3.35564e-17
3.35564e-17
3.35564e-17
3.35564e-17
3.35564e-17
3.35564e-17
3.35564e-17
3.35564e-17
3.35564e-17
3.35564e-17
3.35564e-17
3.35564e-17
3.35564e-17
3.35564e-17
3.35564e-17
3.35564e-17
3.35564e-17
3.35564e-17
3.35564e-17
3.35564e-17
3.35564e-17
3.35564e-17
3.35564e-17
3.35564e-17
3.35564e-17
3.35564e-17
3.35564e-17
3.35564e-17
3.35564e-17
3.35564e-17
3.35564e-17
3.35564e-17
3.35564e-17
3.35564e-17
3.35564e-17
3.35564e-17
3.35564e-17
3.35564e-17
3.35564e-17
3.35564e-17
3.35564e-17
3.35564e-17
3.35564e-17
3.35564e-17
3.35564e-17
)
;

boundaryField
{
    top_wall
    {
        type            zeroGradient;
    }
    inlet
    {
        type            cyclic;
    }
    bot_wall
    {
        type            zeroGradient;
    }
    outlet
    {
        type            cyclic;
    }
    frontAndBack
    {
        type            empty;
    }
}


// ************************************************************************* //
