/*--------------------------------*- C++ -*----------------------------------*\
| =========                 |                                                 |
| \\      /  F ield         | OpenFOAM: The Open Source CFD Toolbox           |
|  \\    /   O peration     | Version:  2406                                  |
|   \\  /    A nd           | Website:  www.openfoam.com                      |
|    \\/     M anipulation  |                                                 |
\*---------------------------------------------------------------------------*/
FoamFile
{
    version     2.0;
    format      ascii;
    arch        "LSB;label=32;scalar=64";
    class       volScalarField;
    location    "16.495";
    object      p;
}
// * * * * * * * * * * * * * * * * * * * * * * * * * * * * * * * * * * * * * //

dimensions      [0 2 -2 0 0 0 0];

internalField   nonuniform List<scalar> 
1000
(
4.91996e-19
5.20423e-18
6.00977e-18
5.39156e-18
5.04906e-18
4.98584e-18
5.00509e-18
5.14613e-18
5.45776e-18
5.02199e-18
4.63237e-18
4.72153e-18
4.57055e-18
4.51439e-18
4.14194e-18
4.61821e-18
4.91438e-18
4.99446e-18
4.99446e-18
4.99446e-18
4.99446e-18
4.99446e-18
4.99446e-18
4.99446e-18
4.99446e-18
4.99446e-18
4.99446e-18
4.99446e-18
4.99446e-18
4.99446e-18
4.99446e-18
4.99446e-18
4.99446e-18
4.99446e-18
4.99446e-18
4.99446e-18
4.99446e-18
4.99446e-18
4.99446e-18
4.99445e-18
4.99445e-18
4.99445e-18
4.99445e-18
4.99445e-18
4.99445e-18
4.99445e-18
4.99445e-18
4.99445e-18
4.99445e-18
4.99445e-18
4.99445e-18
4.99445e-18
4.99445e-18
4.99445e-18
4.99445e-18
4.99445e-18
4.99445e-18
4.99445e-18
4.99445e-18
4.99445e-18
4.99444e-18
4.99444e-18
4.99444e-18
4.99444e-18
4.99444e-18
4.99444e-18
4.99444e-18
4.99444e-18
4.99444e-18
4.99444e-18
4.99444e-18
4.99444e-18
4.99444e-18
4.99444e-18
4.99444e-18
4.99444e-18
4.99444e-18
4.99443e-18
4.99443e-18
4.99443e-18
4.99443e-18
4.99443e-18
4.99443e-18
4.99443e-18
4.99443e-18
4.99443e-18
4.99443e-18
4.99443e-18
4.99443e-18
4.99443e-18
4.99443e-18
4.99442e-18
4.99442e-18
4.99442e-18
4.99442e-18
4.99442e-18
4.99442e-18
4.99442e-18
4.99442e-18
4.99442e-18
4.99442e-18
4.99442e-18
4.99442e-18
4.99442e-18
4.99441e-18
4.99441e-18
4.99441e-18
4.99441e-18
4.99441e-18
4.99441e-18
4.99441e-18
4.99441e-18
4.99441e-18
4.99441e-18
4.99441e-18
4.99441e-18
4.9944e-18
4.9944e-18
4.9944e-18
4.9944e-18
4.9944e-18
4.9944e-18
4.9944e-18
4.9944e-18
4.9944e-18
4.9944e-18
4.9944e-18
4.99439e-18
4.99439e-18
4.99439e-18
4.99439e-18
4.99439e-18
4.99439e-18
4.99439e-18
4.99439e-18
4.99439e-18
4.99439e-18
4.99439e-18
4.99438e-18
6.34387e-18
1.04125e-17
4.9609e-18
2.2218e-18
8.45664e-19
-5.37015e-19
-1.92619e-18
-3.3218e-18
-4.72381e-18
-6.13217e-18
-7.54682e-18
-8.96773e-18
-1.03948e-17
-1.18281e-17
-1.32675e-17
-1.47129e-17
-1.61643e-17
-1.76217e-17
-1.90851e-17
-2.05542e-17
-2.20292e-17
-2.351e-17
-2.49965e-17
-2.64887e-17
-2.79865e-17
-2.94899e-17
-3.09988e-17
-3.25133e-17
-3.40331e-17
-3.55584e-17
-3.7089e-17
-4.16967e-17
-5.09437e-17
-4.47582e-17
-4.32066e-17
-4.47633e-17
-4.6325e-17
-4.78918e-17
-4.94635e-17
-5.10401e-17
-5.26217e-17
-5.42081e-17
-5.57992e-17
-5.73952e-17
-5.89958e-17
-6.06011e-17
-6.2211e-17
-6.38255e-17
-6.54445e-17
-6.70679e-17
-6.86958e-17
-7.03281e-17
-7.19647e-17
-7.36057e-17
-7.52509e-17
-7.69003e-17
-7.85538e-17
-8.02115e-17
-8.18733e-17
-8.35391e-17
-8.52088e-17
-8.68826e-17
-8.85602e-17
-9.36046e-17
-1.02031e-16
-9.52748e-17
-9.18893e-17
-9.18893e-17
-9.18893e-17
-9.18893e-17
-9.18893e-17
-9.18893e-17
-9.18893e-17
-9.18893e-17
-9.18893e-17
-9.18893e-17
-9.18893e-17
-9.18893e-17
-9.18893e-17
-9.18893e-17
-9.18893e-17
-9.18893e-17
-9.18893e-17
-9.18893e-17
-9.18893e-17
-9.18893e-17
-9.18893e-17
-9.18893e-17
-9.18893e-17
-9.18893e-17
-9.18893e-17
-9.18893e-17
-9.18893e-17
-9.18893e-17
-9.18893e-17
-9.18893e-17
-9.18893e-17
-9.18893e-17
-9.18893e-17
-9.18893e-17
-9.18893e-17
-9.18893e-17
-9.18893e-17
-9.18893e-17
-9.18893e-17
-9.18893e-17
-9.18893e-17
-9.18893e-17
-9.18893e-17
-9.18893e-17
-9.18893e-17
-9.18893e-17
-9.18893e-17
-9.18893e-17
-9.18893e-17
-9.18893e-17
-9.18893e-17
-9.18893e-17
-9.18893e-17
-9.18893e-17
-9.18893e-17
-9.18893e-17
-9.18893e-17
-9.18893e-17
-9.18893e-17
-9.18893e-17
-9.18893e-17
-9.18893e-17
-9.18893e-17
-9.18893e-17
-9.18893e-17
-9.18893e-17
-9.18893e-17
-9.18893e-17
-9.18893e-17
-9.18893e-17
-9.18893e-17
-9.18893e-17
-9.18893e-17
-9.18893e-17
-9.18893e-17
-9.18893e-17
-9.18893e-17
-9.18893e-17
-9.18893e-17
-9.18893e-17
-9.18893e-17
-9.18893e-17
-9.18893e-17
-9.18893e-17
-9.18893e-17
-9.18893e-17
-9.18893e-17
-9.18893e-17
-9.18893e-17
-9.18893e-17
-9.18894e-17
-9.18894e-17
-9.18894e-17
-9.18894e-17
-9.18894e-17
-9.18894e-17
-9.18894e-17
-9.18894e-17
-9.18894e-17
-9.18894e-17
-9.18894e-17
-9.18894e-17
-9.18894e-17
-9.18894e-17
-9.18894e-17
-9.18894e-17
-9.18894e-17
-9.18894e-17
-9.18894e-17
-9.18894e-17
-9.18894e-17
-9.18894e-17
-9.18894e-17
-9.18894e-17
-9.18894e-17
-9.18894e-17
-9.18894e-17
-9.18894e-17
-9.18894e-17
-9.18894e-17
-9.18894e-17
-9.18894e-17
-9.18894e-17
-9.18894e-17
-9.18894e-17
-9.18894e-17
-9.18894e-17
-9.18894e-17
-9.18894e-17
-9.18894e-17
-9.18894e-17
-9.18894e-17
-9.18894e-17
-9.18894e-17
-9.18894e-17
-9.18894e-17
-9.18894e-17
-9.18894e-17
-9.18894e-17
-9.18894e-17
-9.18894e-17
-9.18894e-17
-9.18894e-17
-9.18894e-17
-9.18894e-17
-9.18894e-17
-9.18894e-17
-9.18894e-17
-9.18894e-17
-9.18894e-17
-9.18894e-17
-9.18894e-17
-9.18894e-17
-9.18894e-17
-9.18894e-17
-9.18894e-17
-9.18894e-17
-9.18894e-17
-9.18894e-17
-9.18894e-17
-9.18894e-17
-9.18894e-17
-9.18894e-17
-9.18894e-17
-9.18894e-17
-9.18894e-17
-9.18894e-17
-9.18894e-17
-9.18894e-17
-9.18894e-17
-9.18894e-17
-9.18894e-17
-9.18894e-17
-9.18894e-17
-9.18894e-17
-9.18894e-17
-9.18894e-17
-9.18894e-17
-9.18894e-17
-9.18894e-17
-9.18894e-17
-9.18894e-17
-9.18894e-17
-9.18894e-17
-9.18894e-17
-9.18894e-17
-9.18894e-17
-9.18894e-17
-9.18894e-17
-9.18894e-17
-9.18894e-17
-9.18894e-17
-9.18894e-17
-9.18894e-17
-9.18894e-17
-9.18894e-17
-9.18894e-17
-9.18894e-17
-9.18894e-17
-9.18894e-17
-9.18894e-17
-9.18894e-17
-9.18894e-17
-9.18894e-17
-9.18894e-17
-9.18894e-17
-9.18894e-17
-9.18895e-17
-9.18895e-17
-9.18895e-17
-9.18895e-17
-9.18895e-17
-9.18895e-17
-9.18895e-17
-9.18895e-17
-9.18895e-17
-9.18895e-17
-9.18895e-17
-9.18895e-17
-9.18895e-17
-9.18895e-17
-9.18895e-17
-9.18895e-17
-9.18895e-17
-9.18895e-17
-9.18895e-17
-9.18895e-17
-9.18895e-17
-9.18895e-17
-9.18895e-17
-9.18895e-17
-9.18895e-17
-9.18895e-17
-9.18895e-17
-9.18895e-17
-9.18895e-17
-9.18895e-17
-9.18895e-17
-9.18895e-17
-9.18895e-17
-9.18895e-17
-9.18895e-17
-9.18895e-17
-9.18895e-17
-9.18895e-17
-9.18895e-17
-9.18895e-17
-9.18895e-17
-9.18895e-17
-9.18895e-17
-9.18895e-17
-9.18895e-17
-9.18895e-17
-9.18895e-17
-9.18895e-17
-9.18895e-17
-9.18895e-17
-9.18895e-17
-9.18895e-17
-9.18895e-17
-9.18895e-17
-9.18895e-17
-9.18895e-17
-9.18895e-17
-9.18895e-17
-9.18895e-17
-9.18895e-17
-9.18895e-17
-9.18895e-17
-9.18895e-17
-9.18895e-17
-9.18895e-17
-9.18895e-17
-9.18895e-17
-9.18895e-17
-9.18895e-17
-9.18895e-17
-9.18895e-17
-9.18895e-17
-9.18895e-17
-9.18895e-17
-9.18895e-17
-9.18895e-17
-9.18895e-17
-9.18895e-17
-9.18895e-17
-9.18895e-17
-9.18895e-17
-9.18895e-17
-9.18895e-17
-9.18895e-17
-9.18895e-17
-9.18895e-17
-9.18895e-17
-9.18895e-17
-9.18895e-17
-9.18895e-17
-9.18895e-17
-9.18895e-17
-9.18895e-17
-9.18895e-17
-9.18895e-17
-9.18895e-17
-9.18895e-17
-9.18895e-17
-9.18895e-17
-9.18895e-17
-9.18895e-17
-9.18895e-17
-9.18895e-17
-9.18895e-17
-9.18895e-17
-9.18895e-17
-9.18895e-17
-9.18895e-17
-9.18895e-17
-9.18895e-17
-9.18895e-17
-9.18895e-17
-9.18895e-17
-9.18895e-17
-9.18895e-17
-9.18895e-17
-9.18895e-17
-9.18895e-17
-9.18895e-17
-9.18895e-17
-9.18895e-17
-9.18895e-17
-9.18895e-17
-9.18895e-17
-9.18895e-17
-9.18895e-17
-9.18895e-17
-9.18895e-17
-9.18895e-17
-9.18895e-17
-9.18895e-17
-9.18895e-17
-9.18895e-17
-9.18895e-17
-9.18895e-17
-9.18895e-17
-9.18895e-17
-9.18895e-17
-9.18895e-17
-9.18895e-17
-9.18895e-17
-9.18895e-17
-9.18895e-17
-9.18895e-17
-9.18895e-17
-9.18895e-17
-9.18895e-17
-9.18895e-17
-9.18895e-17
-9.18895e-17
-9.18895e-17
-9.18895e-17
-9.18895e-17
-9.18895e-17
-9.18895e-17
-9.18895e-17
-9.18895e-17
-9.18895e-17
-9.18895e-17
-9.18895e-17
-9.18895e-17
-9.18895e-17
-9.18895e-17
-9.18895e-17
-9.18895e-17
-9.18895e-17
-9.18895e-17
-9.18895e-17
-9.18895e-17
-9.18895e-17
-9.18895e-17
-9.18895e-17
-9.18895e-17
-9.18895e-17
-9.18895e-17
-9.18895e-17
-9.18895e-17
-9.18895e-17
-9.18895e-17
-9.18895e-17
-9.18895e-17
-9.18895e-17
-9.18895e-17
-9.18895e-17
-9.18895e-17
-9.18895e-17
-9.18895e-17
-9.18895e-17
-9.18895e-17
-9.18895e-17
-9.18895e-17
-9.18895e-17
-9.18895e-17
-9.18895e-17
-9.18895e-17
-9.18895e-17
-9.18895e-17
-9.18895e-17
-9.18895e-17
-9.18896e-17
-9.18896e-17
-9.18896e-17
-9.18896e-17
-9.18896e-17
-9.18896e-17
-9.18896e-17
-9.18896e-17
-9.18896e-17
-9.18896e-17
-9.18896e-17
-9.18896e-17
-9.18896e-17
-9.18896e-17
-9.18896e-17
-9.18896e-17
-9.18896e-17
-9.18896e-17
-9.18896e-17
-9.18896e-17
-9.18896e-17
-9.18896e-17
-9.18896e-17
-9.18896e-17
-9.18896e-17
-9.18896e-17
-9.18896e-17
-9.18896e-17
-9.18896e-17
-9.18896e-17
-9.18896e-17
-9.18896e-17
-9.18896e-17
-9.18896e-17
-9.18896e-17
-9.18896e-17
-9.18896e-17
-9.18896e-17
-9.18896e-17
-9.18896e-17
-9.18896e-17
-9.18896e-17
-9.18896e-17
-9.18896e-17
-9.18896e-17
-9.18896e-17
-9.18896e-17
-9.18896e-17
-9.18896e-17
-9.18896e-17
-9.18896e-17
-9.18896e-17
-9.18896e-17
-9.18896e-17
-9.18896e-17
-9.18896e-17
-9.18896e-17
-9.18896e-17
-9.18896e-17
-9.18896e-17
-9.18896e-17
-9.18896e-17
-9.18896e-17
-9.18896e-17
-9.18896e-17
-9.18896e-17
-9.18896e-17
-9.18896e-17
-9.18896e-17
-9.18896e-17
-9.18896e-17
-9.18896e-17
-9.18896e-17
-9.18896e-17
-9.18896e-17
-9.18896e-17
-9.18896e-17
-9.18896e-17
-9.18896e-17
-9.18896e-17
-9.18896e-17
-9.18896e-17
-9.18896e-17
-9.18896e-17
-9.18896e-17
-9.18896e-17
-9.18896e-17
-9.18896e-17
-9.18896e-17
-9.18896e-17
-9.18896e-17
-9.18896e-17
-9.18896e-17
-9.18896e-17
-9.18896e-17
-9.18896e-17
-9.18896e-17
-9.18896e-17
-9.18896e-17
-9.18896e-17
-9.18896e-17
-9.18896e-17
-9.18896e-17
-9.18896e-17
-9.18896e-17
-9.18896e-17
-9.18896e-17
-9.18896e-17
-9.18896e-17
-9.18896e-17
-9.18896e-17
-9.18896e-17
-9.18896e-17
-9.18896e-17
-9.18896e-17
-9.18896e-17
-9.18896e-17
-9.18896e-17
-9.18896e-17
-9.18896e-17
-9.18896e-17
-9.18896e-17
-9.18896e-17
-9.18896e-17
-9.18896e-17
-9.18896e-17
-9.18896e-17
-9.18896e-17
-9.18896e-17
-9.18896e-17
-9.18896e-17
-9.18896e-17
-9.18896e-17
-9.18896e-17
-9.18896e-17
-9.18896e-17
-9.18896e-17
-9.18896e-17
-9.18896e-17
-9.18896e-17
-9.18896e-17
-9.18896e-17
-9.18896e-17
-9.18896e-17
-9.18896e-17
-9.18896e-17
-9.18896e-17
-9.18896e-17
-9.18896e-17
-9.18896e-17
-9.18896e-17
-9.18896e-17
-9.18896e-17
-9.18896e-17
-9.18896e-17
-9.18896e-17
-9.18896e-17
-9.18896e-17
-9.18896e-17
-9.18896e-17
-9.18896e-17
-9.18896e-17
-9.18896e-17
-9.18896e-17
-9.18896e-17
-9.18896e-17
-9.18896e-17
-9.18896e-17
-9.18896e-17
-9.18896e-17
-9.18896e-17
-9.18896e-17
-9.18896e-17
-9.18896e-17
-9.18896e-17
-9.18896e-17
-9.18896e-17
-9.18896e-17
-9.18896e-17
-9.18896e-17
-9.18896e-17
-9.18896e-17
-9.18896e-17
-9.18896e-17
-9.18896e-17
-9.18896e-17
-9.18896e-17
-9.18896e-17
-9.18896e-17
-9.18896e-17
-9.18896e-17
-9.18896e-17
-9.18896e-17
-9.18896e-17
-9.18896e-17
-9.18896e-17
-9.18896e-17
-9.18896e-17
-9.18896e-17
-9.18896e-17
-9.18896e-17
-9.18896e-17
-9.18896e-17
-9.18896e-17
-9.18896e-17
-9.18896e-17
-9.18896e-17
-9.18896e-17
-9.18896e-17
-9.18896e-17
-9.18896e-17
-9.18896e-17
-9.18896e-17
-9.18896e-17
-9.18896e-17
-9.18896e-17
-9.18896e-17
-9.18896e-17
-9.18896e-17
-9.18896e-17
-9.18896e-17
-9.18896e-17
-9.18896e-17
-9.18896e-17
-9.18896e-17
-9.18896e-17
-9.18896e-17
-9.18896e-17
-9.18896e-17
-9.18896e-17
-9.18896e-17
-9.18896e-17
-9.18896e-17
-9.18896e-17
-9.18896e-17
-9.18896e-17
-9.18896e-17
-9.18896e-17
-9.18896e-17
-9.18896e-17
-9.18896e-17
-9.18896e-17
-9.18896e-17
-9.18896e-17
-9.18896e-17
-9.18896e-17
-9.18896e-17
-9.18896e-17
-9.18896e-17
-9.18896e-17
-9.18896e-17
-9.18896e-17
-9.18896e-17
-9.18896e-17
-9.18896e-17
-9.18896e-17
-9.18896e-17
-9.18896e-17
-9.18896e-17
-9.18896e-17
-9.18896e-17
-9.18896e-17
-9.18896e-17
-9.18896e-17
-9.18896e-17
-9.18896e-17
-9.18896e-17
-9.18896e-17
-9.18896e-17
-9.18896e-17
-9.18896e-17
-9.18896e-17
-9.18896e-17
-9.18896e-17
-9.18896e-17
-9.18896e-17
-9.18896e-17
-9.18896e-17
-9.18896e-17
-9.18896e-17
-9.18896e-17
-9.18896e-17
-9.18896e-17
-9.18896e-17
-9.18896e-17
-9.18896e-17
-9.18896e-17
-9.18896e-17
-9.18896e-17
-9.18896e-17
-9.18896e-17
-9.18896e-17
-9.18896e-17
-9.18896e-17
-9.18896e-17
-9.18896e-17
-9.18896e-17
-9.18896e-17
-9.18896e-17
-9.18896e-17
-9.18896e-17
-9.18896e-17
-9.18896e-17
-9.18896e-17
-9.18896e-17
-9.18896e-17
-9.18896e-17
-9.18896e-17
-9.18896e-17
-9.18896e-17
-9.18896e-17
-9.18896e-17
-9.18896e-17
-9.18896e-17
-9.18896e-17
-9.18896e-17
-9.18896e-17
-9.18896e-17
-9.18896e-17
-9.18896e-17
-9.18896e-17
-9.18896e-17
-9.18896e-17
-9.18896e-17
-9.18896e-17
-9.18896e-17
-9.18896e-17
-9.18896e-17
-9.18896e-17
-9.18896e-17
-9.18896e-17
-9.18896e-17
-9.18896e-17
-9.18896e-17
-9.18896e-17
-9.18896e-17
-9.18896e-17
-9.18896e-17
-9.18896e-17
-9.18896e-17
-9.18896e-17
-9.18896e-17
-9.18896e-17
-9.18896e-17
-9.18896e-17
-9.18896e-17
-9.18896e-17
-9.18896e-17
-9.18896e-17
-9.18896e-17
-9.18896e-17
-9.18896e-17
-9.18896e-17
-9.18896e-17
-9.18896e-17
-9.18896e-17
-9.18896e-17
-9.18896e-17
-9.18896e-17
-9.18896e-17
-9.18896e-17
-9.18896e-17
-9.18896e-17
-9.18896e-17
-9.18896e-17
-9.18896e-17
-9.18896e-17
-9.18896e-17
-9.18896e-17
-9.18896e-17
-9.18896e-17
-9.18896e-17
-9.18896e-17
-9.18896e-17
-9.18896e-17
-9.18896e-17
-9.18896e-17
-9.18896e-17
-9.18896e-17
-9.18896e-17
-9.18896e-17
-9.18896e-17
-9.18896e-17
-9.18896e-17
-9.18896e-17
-9.18896e-17
-9.18896e-17
-9.18896e-17
-9.18896e-17
)
;

boundaryField
{
    top_wall
    {
        type            zeroGradient;
    }
    inlet
    {
        type            cyclic;
    }
    bot_wall
    {
        type            zeroGradient;
    }
    outlet
    {
        type            cyclic;
    }
    frontAndBack
    {
        type            empty;
    }
}


// ************************************************************************* //
