0.0003003 	0.141381 	-1.03556e-18 	0
0.000900901 	0.379359 	-2.17858e-18 	0
0.0015015 	0.594916 	-2.85768e-18 	0
0.0021021 	0.765811 	-2.90199e-18 	0
0.0027027 	0.922395 	-2.90099e-18 	0
0.0033033 	1.05089 	-2.81102e-18 	0
0.0039039 	1.15989 	-2.75587e-18 	0
0.0045045 	1.25926 	-2.7176e-18 	0
0.00510511 	1.33974 	-2.66987e-18 	0
0.00570571 	1.41576 	-2.61722e-18 	0
0.00630631 	1.48321 	-2.55511e-18 	0
0.00690691 	1.5443 	-2.51251e-18 	0
0.00750751 	1.60227 	-2.47909e-18 	0
0.00810811 	1.65327 	-2.43708e-18 	0
0.00870871 	1.70237 	-2.37366e-18 	0
0.00930931 	1.74789 	-2.27002e-18 	0
0.00990991 	1.79041 	-2.26222e-18 	0
0.0105105 	1.83147 	-2.30005e-18 	0
0.0111111 	1.869 	-2.39623e-18 	0
0.0117117 	1.90548 	-2.44184e-18 	0
0.0123123 	1.94002 	-2.39458e-18 	0
0.0129129 	1.97281 	-2.37232e-18 	0
0.0135135 	2.00477 	-2.36367e-18 	0
0.0141141 	2.0346 	-2.45279e-18 	0
0.0147147 	2.06375 	-2.53979e-18 	0
0.0153153 	2.0917 	-2.62294e-18 	0
0.0159159 	2.11849 	-2.6737e-18 	0
0.0165165 	2.14474 	-2.70939e-18 	0
0.0171171 	2.16957 	-2.72079e-18 	0
0.0177177 	2.19393 	-2.73331e-18 	0
0.0183183 	2.21746 	-2.74782e-18 	0
0.0189189 	2.24018 	-2.76127e-18 	0
0.0195195 	2.26251 	-2.77422e-18 	0
0.0201201 	2.28383 	-2.78578e-18 	0
0.0207207 	2.30479 	-2.79686e-18 	0
0.0213213 	2.32516 	-2.80713e-18 	0
0.0219219 	2.34492 	-2.81659e-18 	0
0.0225225 	2.36438 	-2.82565e-18 	0
0.0231231 	2.38308 	-2.83373e-18 	0
0.0237237 	2.40152 	-2.84146e-18 	0
0.0243243 	2.41949 	-2.84861e-18 	0
0.0249249 	2.437 	-2.85517e-18 	0
0.0255255 	2.45428 	-2.86146e-18 	0
0.0261261 	2.47096 	-2.86701e-18 	0
0.0267267 	2.48743 	-2.87229e-18 	0
0.0273273 	2.50355 	-2.87713e-18 	0
0.0279279 	2.51928 	-2.8815e-18 	0
0.0285285 	2.53483 	-2.88566e-18 	0
0.0291291 	2.54991 	-2.88921e-18 	0
0.0297297 	2.56481 	-2.89255e-18 	0
0.0303303 	2.57941 	-2.89552e-18 	0
0.0309309 	2.59371 	-2.89808e-18 	0
0.0315315 	2.60786 	-2.90045e-18 	0
0.0321321 	2.62163 	-2.9023e-18 	0
0.0327327 	2.63525 	-2.90394e-18 	0
0.0333333 	2.64863 	-2.90526e-18 	0
0.0339339 	2.66174 	-2.90621e-18 	0
0.0345345 	2.67474 	-2.90699e-18 	0
0.0351351 	2.68741 	-2.90728e-18 	0
0.0357357 	2.69996 	-2.90738e-18 	0
0.0363363 	2.71231 	-2.90719e-18 	0
0.0369369 	2.72443 	-2.90664e-18 	0
0.0375375 	2.73644 	-2.90593e-18 	0
0.0381381 	2.74819 	-2.90477e-18 	0
0.0387387 	2.75983 	-2.90344e-18 	0
0.0393393 	2.7713 	-2.90181e-18 	0
0.0399399 	2.78258 	-2.89986e-18 	0
0.0405405 	2.79377 	-2.89775e-18 	0
0.0411411 	2.80472 	-2.89522e-18 	0
0.0417417 	2.81559 	-2.89251e-18 	0
0.0423423 	2.82631 	-2.88953e-18 	0
0.0429429 	2.83685 	-2.88623e-18 	0
0.0435435 	2.84732 	-2.88279e-18 	0
0.0441441 	2.85759 	-2.87895e-18 	0
0.0447447 	2.86778 	-2.87493e-18 	0
0.0453453 	2.87784 	-2.87066e-18 	0
0.0459459 	2.88775 	-2.86608e-18 	0
0.0465465 	2.8976 	-2.86136e-18 	0
0.0471471 	2.90727 	-2.85627e-18 	0
0.0477477 	2.91686 	-2.851e-18 	0
0.0483483 	2.92635 	-2.8455e-18 	0
0.0489489 	2.93571 	-2.8397e-18 	0
0.0495495 	2.945 	-2.83376e-18 	0
0.0501502 	2.95414 	-2.82746e-18 	0
0.0507508 	2.96321 	-2.821e-18 	0
0.0513514 	2.97219 	-2.81431e-18 	0
0.051952 	2.98104 	-2.80733e-18 	0
0.0525526 	2.98985 	-2.80022e-18 	0
0.0531532 	2.99852 	-2.79276e-18 	0
0.0537538 	3.00713 	-2.78515e-18 	0
0.0543544 	3.01565 	-2.77733e-18 	0
0.054955 	3.02407 	-2.76922e-18 	0
0.0555556 	3.03243 	-2.76099e-18 	0
0.0561562 	3.04069 	-2.75243e-18 	0
0.0567568 	3.04888 	-2.74371e-18 	0
0.0573574 	3.05699 	-2.73479e-18 	0
0.057958 	3.06501 	-2.72559e-18 	0
0.0585586 	3.07299 	-2.71627e-18 	0
0.0591592 	3.08085 	-2.70664e-18 	0
0.0597598 	3.08867 	-2.69685e-18 	0
0.0603604 	3.09642 	-2.68686e-18 	0
0.060961 	3.10408 	-2.67661e-18 	0
0.0615616 	3.11171 	-2.66625e-18 	0
0.0621622 	3.11923 	-2.65557e-18 	0
0.0627628 	3.12671 	-2.64474e-18 	0
0.0633634 	3.13412 	-2.63372e-18 	0
0.063964 	3.14146 	-2.62243e-18 	0
0.0645646 	3.14877 	-2.61103e-18 	0
0.0651652 	3.15598 	-2.59934e-18 	0
0.0657658 	3.16315 	-2.58749e-18 	0
0.0663664 	3.17026 	-2.57546e-18 	0
0.066967 	3.1773 	-2.56317e-18 	0
0.0675676 	3.18431 	-2.55076e-18 	0
0.0681682 	3.19123 	-2.53807e-18 	0
0.0687688 	3.19812 	-2.52523e-18 	0
0.0693694 	3.20496 	-2.5122e-18 	0
0.06997 	3.21173 	-2.49892e-18 	0
0.0705706 	3.21847 	-2.48553e-18 	0
0.0711712 	3.22513 	-2.47186e-18 	0
0.0717718 	3.23176 	-2.45803e-18 	0
0.0723724 	3.23835 	-2.44403e-18 	0
0.072973 	3.24487 	-2.42977e-18 	0
0.0735736 	3.25136 	-2.41542e-18 	0
0.0741742 	3.25778 	-2.40077e-18 	0
0.0747748 	3.26418 	-2.38599e-18 	0
0.0753754 	3.27053 	-2.37103e-18 	0
0.075976 	3.27682 	-2.35583e-18 	0
0.0765766 	3.28309 	-2.34051e-18 	0
0.0771772 	3.2893 	-2.32493e-18 	0
0.0777778 	3.29547 	-2.30921e-18 	0
0.0783784 	3.3016 	-2.29332e-18 	0
0.078979 	3.30768 	-2.27719e-18 	0
0.0795796 	3.31374 	-2.26096e-18 	0
0.0801802 	3.31974 	-2.24447e-18 	0
0.0807808 	3.3257 	-2.22784e-18 	0
0.0813814 	3.33164 	-2.21106e-18 	0
0.081982 	3.33752 	-2.19406e-18 	0
0.0825826 	3.34338 	-2.17696e-18 	0
0.0831832 	3.34919 	-2.15962e-18 	0
0.0837838 	3.35498 	-2.14215e-18 	0
0.0843844 	3.36072 	-2.12455e-18 	0
0.084985 	3.36642 	-2.10674e-18 	0
0.0855856 	3.3721 	-2.08885e-18 	0
0.0861862 	3.37774 	-2.07076e-18 	0
0.0867868 	3.38334 	-2.05255e-18 	0
0.0873874 	3.38891 	-2.03423e-18 	0
0.087988 	3.39445 	-2.01574e-18 	0
0.0885886 	3.39997 	-1.99718e-18 	0
0.0891892 	3.40543 	-1.97846e-18 	0
0.0897898 	3.41087 	-1.95967e-18 	0
0.0903904 	3.41628 	-1.9408e-18 	0
0.090991 	3.42165 	-1.92181e-18 	0
0.0915916 	3.42701 	-1.90278e-18 	0
0.0921922 	3.43233 	-1.88367e-18 	0
0.0927928 	3.43762 	-1.86452e-18 	0
0.0933934 	3.44289 	-1.84533e-18 	0
0.093994 	3.44811 	-1.82611e-18 	0
0.0945946 	3.45331 	-1.80689e-18 	0
0.0951952 	3.45849 	-1.78769e-18 	0
0.0957958 	3.46363 	-1.76851e-18 	0
0.0963964 	3.46876 	-1.74935e-18 	0
0.096997 	3.47384 	-1.73029e-18 	0
0.0975976 	3.47891 	-1.71127e-18 	0
0.0981982 	3.48394 	-1.6924e-18 	0
0.0987988 	3.48895 	-1.67364e-18 	0
0.0993994 	3.49394 	-1.65499e-18 	0
0.1 	3.4989 	-1.63658e-18 	0
0.100601 	3.50384 	-1.61829e-18 	0
0.101201 	3.50875 	-1.6003e-18 	0
0.101802 	3.51363 	-1.58253e-18 	0
0.102402 	3.5185 	-1.56498e-18 	0
0.103003 	3.52333 	-1.54786e-18 	0
0.103604 	3.52816 	-1.53094e-18 	0
0.104204 	3.53294 	-1.5145e-18 	0
0.104805 	3.53771 	-1.49842e-18 	0
0.105405 	3.54245 	-1.48268e-18 	0
0.106006 	3.54717 	-1.46759e-18 	0
0.106607 	3.55187 	-1.45278e-18 	0
0.107207 	3.55655 	-1.43867e-18 	0
0.107808 	3.56121 	-1.42505e-18 	0
0.108408 	3.56584 	-1.4119e-18 	0
0.109009 	3.57045 	-1.39963e-18 	0
0.10961 	3.57504 	-1.38773e-18 	0
0.11021 	3.57961 	-1.37674e-18 	0
0.110811 	3.58416 	-1.36639e-18 	0
0.111411 	3.58869 	-1.35663e-18 	0
0.112012 	3.5932 	-1.34798e-18 	0
0.112613 	3.5977 	-1.33979e-18 	0
0.113213 	3.60216 	-1.33273e-18 	0
0.113814 	3.60661 	-1.32645e-18 	0
0.114414 	3.61104 	-1.32088e-18 	0
0.115015 	3.61545 	-1.31586e-18 	0
0.115616 	3.61984 	-1.31123e-18 	0
0.116216 	3.62421 	-1.30792e-18 	0
0.116817 	3.62857 	-1.30546e-18 	0
0.117417 	3.63291 	-1.30378e-18 	0
0.118018 	3.63723 	-1.30358e-18 	0
0.118619 	3.64153 	-1.30399e-18 	0
0.119219 	3.64581 	-1.3059e-18 	0
0.11982 	3.65007 	-1.30843e-18 	0
0.12042 	3.65433 	-1.3115e-18 	0
0.121021 	3.65855 	-1.31573e-18 	0
0.121622 	3.66277 	-1.32041e-18 	0
0.122222 	3.66697 	-1.32621e-18 	0
0.122823 	3.67115 	-1.33305e-18 	0
0.123423 	3.67532 	-1.34079e-18 	0
0.124024 	3.67946 	-1.35031e-18 	0
0.124625 	3.68359 	-1.36053e-18 	0
0.125225 	3.68771 	-1.37245e-18 	0
0.125826 	3.69181 	-1.38557e-18 	0
0.126426 	3.69589 	-1.39971e-18 	0
0.127027 	3.69995 	-1.41593e-18 	0
0.127628 	3.70401 	-1.4329e-18 	0
0.128228 	3.70804 	-1.45152e-18 	0
0.128829 	3.71207 	-1.4714e-18 	0
0.129429 	3.71608 	-1.49232e-18 	0
0.13003 	3.72007 	-1.51547e-18 	0
0.130631 	3.72405 	-1.53952e-18 	0
0.131231 	3.72801 	-1.56575e-18 	0
0.131832 	3.73196 	-1.5937e-18 	0
0.132432 	3.7359 	-1.62303e-18 	0
0.133033 	3.73982 	-1.6555e-18 	0
0.133634 	3.74373 	-1.68939e-18 	0
0.134234 	3.74762 	-1.72683e-18 	0
0.134835 	3.7515 	-1.76731e-18 	0
0.135435 	3.75536 	-1.8102e-18 	0
0.136036 	3.75921 	-1.85911e-18 	0
0.136637 	3.76305 	-1.9107e-18 	0
0.137237 	3.76688 	-1.96893e-18 	0
0.137838 	3.77069 	-2.03446e-18 	0
0.138438 	3.77449 	-2.10566e-18 	0
0.139039 	3.77827 	-2.15835e-18 	0
0.13964 	3.78204 	-2.17091e-18 	0
0.14024 	3.7858 	-2.05795e-18 	0
0.140841 	3.78955 	-1.94554e-18 	0
0.141441 	3.7933 	-1.83356e-18 	0
0.142042 	3.79702 	-1.86847e-18 	0
0.142643 	3.80073 	-1.92394e-18 	0
0.143243 	3.80443 	-1.99445e-18 	0
0.143844 	3.80811 	-2.05711e-18 	0
0.144444 	3.81179 	-2.11391e-18 	0
0.145045 	3.81545 	-2.16262e-18 	0
0.145646 	3.8191 	-2.2087e-18 	0
0.146246 	3.82274 	-2.24916e-18 	0
0.146847 	3.82637 	-2.28631e-18 	0
0.147447 	3.82999 	-2.32104e-18 	0
0.148048 	3.8336 	-2.35139e-18 	0
0.148649 	3.8372 	-2.3803e-18 	0
0.149249 	3.84078 	-2.4061e-18 	0
0.14985 	3.84435 	-2.42975e-18 	0
0.15045 	3.84792 	-2.45187e-18 	0
0.151051 	3.85146 	-2.47092e-18 	0
0.151652 	3.855 	-2.4889e-18 	0
0.152252 	3.85853 	-2.50456e-18 	0
0.152853 	3.86205 	-2.5185e-18 	0
0.153453 	3.86556 	-2.53122e-18 	0
0.154054 	3.86905 	-2.54141e-18 	0
0.154655 	3.87255 	-2.5507e-18 	0
0.155255 	3.87602 	-2.55805e-18 	0
0.155856 	3.87949 	-2.56392e-18 	0
0.156456 	3.88295 	-2.56878e-18 	0
0.157057 	3.8864 	-2.57144e-18 	0
0.157658 	3.88984 	-2.57333e-18 	0
0.158258 	3.89326 	-2.57355e-18 	0
0.158859 	3.89668 	-2.57248e-18 	0
0.159459 	3.90009 	-2.57055e-18 	0
0.16006 	3.90349 	-2.5667e-18 	0
0.160661 	3.90688 	-2.56218e-18 	0
0.161261 	3.91026 	-2.55624e-18 	0
0.161862 	3.91363 	-2.54919e-18 	0
0.162462 	3.91699 	-2.54142e-18 	0
0.163063 	3.92034 	-2.53201e-18 	0
0.163664 	3.92369 	-2.52195e-18 	0
0.164264 	3.92702 	-2.51045e-18 	0
0.164865 	3.93034 	-2.49778e-18 	0
0.165465 	3.93366 	-2.48437e-18 	0
0.166066 	3.93696 	-2.46924e-18 	0
0.166667 	3.94026 	-2.45385e-18 	0
0.167267 	3.94355 	-2.43805e-18 	0
0.167868 	3.94683 	-2.41314e-18 	0
0.168468 	3.95011 	-2.38246e-18 	0
0.169069 	3.95337 	-2.33373e-18 	0
0.16967 	3.95663 	-2.29899e-18 	0
0.17027 	3.95988 	-2.30235e-18 	0
0.170871 	3.96312 	-2.25256e-18 	0
0.171471 	3.96635 	-2.16983e-18 	0
0.172072 	3.96957 	-2.09836e-18 	0
0.172673 	3.97278 	-2.05874e-18 	0
0.173273 	3.97598 	-2.09668e-18 	0
0.173874 	3.97918 	-2.1087e-18 	0
0.174474 	3.98237 	-2.105e-18 	0
0.175075 	3.98555 	-2.10292e-18 	0
0.175676 	3.98873 	-2.10053e-18 	0
0.176276 	3.99189 	-2.09719e-18 	0
0.176877 	3.99505 	-2.09328e-18 	0
0.177477 	3.9982 	-2.08904e-18 	0
0.178078 	4.00134 	-2.08396e-18 	0
0.178679 	4.00448 	-2.0786e-18 	0
0.179279 	4.0076 	-2.07265e-18 	0
0.17988 	4.01072 	-2.06615e-18 	0
0.18048 	4.01384 	-2.05934e-18 	0
0.181081 	4.01694 	-2.05168e-18 	0
0.181682 	4.02004 	-2.04372e-18 	0
0.182282 	4.02313 	-2.03514e-18 	0
0.182883 	4.02621 	-2.02597e-18 	0
0.183483 	4.02929 	-2.01647e-18 	0
0.184084 	4.03235 	-2.00604e-18 	0
0.184685 	4.03542 	-1.99527e-18 	0
0.185285 	4.03847 	-1.98383e-18 	0
0.185886 	4.04152 	-1.97175e-18 	0
0.186486 	4.04456 	-1.95932e-18 	0
0.187087 	4.04759 	-1.94592e-18 	0
0.187688 	4.05061 	-1.93232e-18 	0
0.188288 	4.05364 	-1.91832e-18 	0
0.188889 	4.05665 	-1.90406e-18 	0
0.189489 	4.05966 	-1.88966e-18 	0
0.19009 	4.06265 	-1.87517e-18 	0
0.190691 	4.06565 	-1.8608e-18 	0
0.191291 	4.06863 	-1.84674e-18 	0
0.191892 	4.07161 	-1.83349e-18 	0
0.192492 	4.07458 	-1.82068e-18 	0
0.193093 	4.07755 	-1.80987e-18 	0
0.193694 	4.08051 	-1.80013e-18 	0
0.194294 	4.08346 	-1.79257e-18 	0
0.194895 	4.0864 	-1.78816e-18 	0
0.195495 	4.08935 	-1.78539e-18 	0
0.196096 	4.09228 	-1.78861e-18 	0
0.196697 	4.09521 	-1.79408e-18 	0
0.197297 	4.09813 	-1.80406e-18 	0
0.197898 	4.10105 	-1.81829e-18 	0
0.198498 	4.10395 	-1.83468e-18 	0
0.199099 	4.10685 	-1.85614e-18 	0
0.1997 	4.10975 	-1.87882e-18 	0
0.2003 	4.11264 	-1.90392e-18 	0
0.200901 	4.11552 	-1.93591e-18 	0
0.201502 	4.11841 	-1.9715e-18 	0
0.202102 	4.12128 	-2.07688e-18 	0
0.202703 	4.12414 	-2.15711e-18 	0
0.203303 	4.127 	-2.188e-18 	0
0.203904 	4.12986 	-2.21877e-18 	0
0.204505 	4.13271 	-2.25003e-18 	0
0.205105 	4.13555 	-2.35444e-18 	0
0.205706 	4.13839 	-2.43487e-18 	0
0.206306 	4.14122 	-2.46928e-18 	0
0.206907 	4.14404 	-2.49667e-18 	0
0.207508 	4.14687 	-2.52067e-18 	0
0.208108 	4.14968 	-2.5413e-18 	0
0.208709 	4.15248 	-2.56011e-18 	0
0.209309 	4.15529 	-2.5755e-18 	0
0.20991 	4.15809 	-2.58644e-18 	0
0.210511 	4.16088 	-2.59518e-18 	0
0.211111 	4.16367 	-2.59722e-18 	0
0.211712 	4.16645 	-2.59712e-18 	0
0.212312 	4.16922 	-2.59308e-18 	0
0.212913 	4.17199 	-2.58567e-18 	0
0.213514 	4.17476 	-2.57666e-18 	0
0.214114 	4.17752 	-2.56438e-18 	0
0.214715 	4.18027 	-2.55132e-18 	0
0.215315 	4.18302 	-2.53685e-18 	0
0.215916 	4.18576 	-2.52138e-18 	0
0.216517 	4.1885 	-2.50545e-18 	0
0.217117 	4.19123 	-2.48888e-18 	0
0.217718 	4.19396 	-2.47224e-18 	0
0.218318 	4.19668 	-2.4555e-18 	0
0.218919 	4.19939 	-2.43882e-18 	0
0.21952 	4.20211 	-2.42219e-18 	0
0.22012 	4.20482 	-2.40609e-18 	0
0.220721 	4.20752 	-2.3902e-18 	0
0.221321 	4.21022 	-2.37465e-18 	0
0.221922 	4.21291 	-2.35946e-18 	0
0.222523 	4.21559 	-2.34443e-18 	0
0.223123 	4.21828 	-2.32979e-18 	0
0.223724 	4.22095 	-2.31537e-18 	0
0.224324 	4.22362 	-2.30134e-18 	0
0.224925 	4.22629 	-2.28765e-18 	0
0.225526 	4.22895 	-2.27412e-18 	0
0.226126 	4.23161 	-2.26094e-18 	0
0.226727 	4.23426 	-2.24787e-18 	0
0.227327 	4.23691 	-2.23498e-18 	0
0.227928 	4.23955 	-2.22223e-18 	0
0.228529 	4.24218 	-2.20955e-18 	0
0.229129 	4.24482 	-2.19703e-18 	0
0.22973 	4.24744 	-2.18455e-18 	0
0.23033 	4.25007 	-2.17214e-18 	0
0.230931 	4.25268 	-2.15981e-18 	0
0.231532 	4.2553 	-2.14751e-18 	0
0.232132 	4.2579 	-2.1353e-18 	0
0.232733 	4.26051 	-2.12312e-18 	0
0.233333 	4.26311 	-2.11099e-18 	0
0.233934 	4.2657 	-2.09892e-18 	0
0.234535 	4.2683 	-2.08689e-18 	0
0.235135 	4.27088 	-2.07495e-18 	0
0.235736 	4.27346 	-2.06305e-18 	0
0.236336 	4.27604 	-2.05122e-18 	0
0.236937 	4.27861 	-2.03946e-18 	0
0.237538 	4.28118 	-2.02774e-18 	0
0.238138 	4.28374 	-2.01614e-18 	0
0.238739 	4.28629 	-2.00459e-18 	0
0.239339 	4.28885 	-1.99312e-18 	0
0.23994 	4.2914 	-1.98175e-18 	0
0.240541 	4.29394 	-1.97043e-18 	0
0.241141 	4.29648 	-1.95924e-18 	0
0.241742 	4.29902 	-1.94812e-18 	0
0.242342 	4.30155 	-1.93709e-18 	0
0.242943 	4.30407 	-1.92616e-18 	0
0.243544 	4.3066 	-1.91529e-18 	0
0.244144 	4.30912 	-1.90458e-18 	0
0.244745 	4.31163 	-1.89393e-18 	0
0.245345 	4.31414 	-1.88337e-18 	0
0.245946 	4.31664 	-1.87293e-18 	0
0.246547 	4.31914 	-1.86255e-18 	0
0.247147 	4.32164 	-1.85233e-18 	0
0.247748 	4.32414 	-1.84217e-18 	0
0.248348 	4.32662 	-1.8321e-18 	0
0.248949 	4.3291 	-1.82217e-18 	0
0.24955 	4.33158 	-1.81229e-18 	0
0.25015 	4.33406 	-1.80256e-18 	0
0.250751 	4.33653 	-1.79291e-18 	0
0.251351 	4.33899 	-1.78335e-18 	0
0.251952 	4.34145 	-1.77392e-18 	0
0.252553 	4.34391 	-1.76454e-18 	0
0.253153 	4.34636 	-1.75532e-18 	0
0.253754 	4.34881 	-1.74618e-18 	0
0.254354 	4.35126 	-1.73713e-18 	0
0.254955 	4.3537 	-1.72822e-18 	0
0.255556 	4.35614 	-1.71935e-18 	0
0.256156 	4.35857 	-1.71065e-18 	0
0.256757 	4.361 	-1.70201e-18 	0
0.257357 	4.36342 	-1.69349e-18 	0
0.257958 	4.36585 	-1.68509e-18 	0
0.258559 	4.36826 	-1.67675e-18 	0
0.259159 	4.37067 	-1.66857e-18 	0
0.25976 	4.37308 	-1.66046e-18 	0
0.26036 	4.37548 	-1.65246e-18 	0
0.260961 	4.37788 	-1.64459e-18 	0
0.261562 	4.38029 	-1.63679e-18 	0
0.262162 	4.38268 	-1.62913e-18 	0
0.262763 	4.38506 	-1.62156e-18 	0
0.263363 	4.38745 	-1.6141e-18 	0
0.263964 	4.38983 	-1.60677e-18 	0
0.264565 	4.3922 	-1.59951e-18 	0
0.265165 	4.39457 	-1.5924e-18 	0
0.265766 	4.39694 	-1.58538e-18 	0
0.266366 	4.3993 	-1.57846e-18 	0
0.266967 	4.40166 	-1.57168e-18 	0
0.267568 	4.40401 	-1.56496e-18 	0
0.268168 	4.40637 	-1.5584e-18 	0
0.268769 	4.40872 	-1.55193e-18 	0
0.269369 	4.41106 	-1.54556e-18 	0
0.26997 	4.4134 	-1.53933e-18 	0
0.270571 	4.41573 	-1.53316e-18 	0
0.271171 	4.41806 	-1.52716e-18 	0
0.271772 	4.42039 	-1.52124e-18 	0
0.272372 	4.42272 	-1.51542e-18 	0
0.272973 	4.42504 	-1.50974e-18 	0
0.273574 	4.42735 	-1.50412e-18 	0
0.274174 	4.42967 	-1.49866e-18 	0
0.274775 	4.43198 	-1.49328e-18 	0
0.275375 	4.43428 	-1.48801e-18 	0
0.275976 	4.43658 	-1.48286e-18 	0
0.276577 	4.43888 	-1.47778e-18 	0
0.277177 	4.44117 	-1.47286e-18 	0
0.277778 	4.44346 	-1.46802e-18 	0
0.278378 	4.44575 	-1.46327e-18 	0
0.278979 	4.44803 	-1.45866e-18 	0
0.27958 	4.4503 	-1.45411e-18 	0
0.28018 	4.45258 	-1.4497e-18 	0
0.280781 	4.45485 	-1.44538e-18 	0
0.281381 	4.45711 	-1.44115e-18 	0
0.281982 	4.45937 	-1.43705e-18 	0
0.282583 	4.46163 	-1.43301e-18 	0
0.283183 	4.46388 	-1.42911e-18 	0
0.283784 	4.46613 	-1.42528e-18 	0
0.284384 	4.46838 	-1.42155e-18 	0
0.284985 	4.47062 	-1.41794e-18 	0
0.285586 	4.47286 	-1.41438e-18 	0
0.286186 	4.47509 	-1.41097e-18 	0
0.286787 	4.47732 	-1.40762e-18 	0
0.287387 	4.47955 	-1.40435e-18 	0
0.287988 	4.48178 	-1.40121e-18 	0
0.288589 	4.484 	-1.39811e-18 	0
0.289189 	4.48621 	-1.39515e-18 	0
0.28979 	4.48842 	-1.39226e-18 	0
0.29039 	4.49063 	-1.38944e-18 	0
0.290991 	4.49283 	-1.38673e-18 	0
0.291592 	4.49503 	-1.38407e-18 	0
0.292192 	4.49723 	-1.38154e-18 	0
0.292793 	4.49942 	-1.37907e-18 	0
0.293393 	4.50161 	-1.37667e-18 	0
0.293994 	4.50379 	-1.37437e-18 	0
0.294595 	4.50597 	-1.37212e-18 	0
0.295195 	4.50815 	-1.36999e-18 	0
0.295796 	4.51033 	-1.36791e-18 	0
0.296396 	4.5125 	-1.3659e-18 	0
0.296997 	4.51466 	-1.36399e-18 	0
0.297598 	4.51682 	-1.36212e-18 	0
0.298198 	4.51898 	-1.36035e-18 	0
0.298799 	4.52113 	-1.35864e-18 	0
0.299399 	4.52328 	-1.35699e-18 	0
0.3 	4.52542 	-1.35543e-18 	0
0.300601 	4.52757 	-1.35391e-18 	0
0.301201 	4.52971 	-1.35248e-18 	0
0.301802 	4.53184 	-1.35111e-18 	0
0.302402 	4.53397 	-1.34978e-18 	0
0.303003 	4.5361 	-1.34855e-18 	0
0.303604 	4.53823 	-1.34735e-18 	0
0.304204 	4.54035 	-1.34623e-18 	0
0.304805 	4.54246 	-1.34516e-18 	0
0.305405 	4.54457 	-1.34413e-18 	0
0.306006 	4.54668 	-1.34319e-18 	0
0.306607 	4.54878 	-1.34228e-18 	0
0.307207 	4.55088 	-1.34144e-18 	0
0.307808 	4.55297 	-1.34065e-18 	0
0.308408 	4.55507 	-1.33989e-18 	0
0.309009 	4.55716 	-1.33921e-18 	0
0.30961 	4.55924 	-1.33855e-18 	0
0.31021 	4.56132 	-1.33796e-18 	0
0.310811 	4.5634 	-1.33742e-18 	0
0.311411 	4.56547 	-1.33691e-18 	0
0.312012 	4.56754 	-1.33646e-18 	0
0.312613 	4.56961 	-1.33603e-18 	0
0.313213 	4.57167 	-1.33566e-18 	0
0.313814 	4.57372 	-1.33533e-18 	0
0.314414 	4.57578 	-1.33503e-18 	0
0.315015 	4.57782 	-1.33479e-18 	0
0.315616 	4.57986 	-1.33457e-18 	0
0.316216 	4.58191 	-1.33439e-18 	0
0.316817 	4.58394 	-1.33425e-18 	0
0.317417 	4.58598 	-1.33414e-18 	0
0.318018 	4.58801 	-1.33407e-18 	0
0.318619 	4.59003 	-1.33402e-18 	0
0.319219 	4.59205 	-1.33401e-18 	0
0.31982 	4.59407 	-1.33402e-18 	0
0.32042 	4.59608 	-1.33406e-18 	0
0.321021 	4.59809 	-1.33415e-18 	0
0.321622 	4.6001 	-1.33425e-18 	0
0.322222 	4.6021 	-1.33438e-18 	0
0.322823 	4.6041 	-1.33453e-18 	0
0.323423 	4.6061 	-1.33471e-18 	0
0.324024 	4.60808 	-1.33491e-18 	0
0.324625 	4.61006 	-1.33513e-18 	0
0.325225 	4.61204 	-1.33538e-18 	0
0.325826 	4.61402 	-1.33565e-18 	0
0.326426 	4.616 	-1.33594e-18 	0
0.327027 	4.61796 	-1.33624e-18 	0
0.327628 	4.61993 	-1.33656e-18 	0
0.328228 	4.62189 	-1.3369e-18 	0
0.328829 	4.62385 	-1.33725e-18 	0
0.329429 	4.6258 	-1.33762e-18 	0
0.33003 	4.62775 	-1.338e-18 	0
0.330631 	4.62969 	-1.3384e-18 	0
0.331231 	4.63163 	-1.33881e-18 	0
0.331832 	4.63357 	-1.33923e-18 	0
0.332432 	4.6355 	-1.33966e-18 	0
0.333033 	4.63743 	-1.3401e-18 	0
0.333634 	4.63936 	-1.34055e-18 	0
0.334234 	4.64127 	-1.34102e-18 	0
0.334835 	4.64319 	-1.34148e-18 	0
0.335435 	4.6451 	-1.34195e-18 	0
0.336036 	4.64701 	-1.34243e-18 	0
0.336637 	4.64891 	-1.34291e-18 	0
0.337237 	4.65081 	-1.3434e-18 	0
0.337838 	4.6527 	-1.3439e-18 	0
0.338438 	4.6546 	-1.34439e-18 	0
0.339039 	4.65648 	-1.34489e-18 	0
0.33964 	4.65836 	-1.3454e-18 	0
0.34024 	4.66024 	-1.34589e-18 	0
0.340841 	4.66211 	-1.3464e-18 	0
0.341441 	4.66398 	-1.3469e-18 	0
0.342042 	4.66584 	-1.3474e-18 	0
0.342643 	4.6677 	-1.3479e-18 	0
0.343243 	4.66956 	-1.3484e-18 	0
0.343844 	4.67141 	-1.34889e-18 	0
0.344444 	4.67326 	-1.34938e-18 	0
0.345045 	4.6751 	-1.34987e-18 	0
0.345646 	4.67693 	-1.35036e-18 	0
0.346246 	4.67877 	-1.35083e-18 	0
0.346847 	4.68059 	-1.3513e-18 	0
0.347447 	4.68242 	-1.35177e-18 	0
0.348048 	4.68424 	-1.35223e-18 	0
0.348649 	4.68606 	-1.35269e-18 	0
0.349249 	4.68787 	-1.35313e-18 	0
0.34985 	4.68968 	-1.35357e-18 	0
0.35045 	4.69148 	-1.354e-18 	0
0.351051 	4.69328 	-1.35442e-18 	0
0.351652 	4.69507 	-1.35483e-18 	0
0.352252 	4.69686 	-1.35523e-18 	0
0.352853 	4.69864 	-1.35562e-18 	0
0.353453 	4.70042 	-1.356e-18 	0
0.354054 	4.70219 	-1.35636e-18 	0
0.354655 	4.70396 	-1.35672e-18 	0
0.355255 	4.70573 	-1.35706e-18 	0
0.355856 	4.70749 	-1.35739e-18 	0
0.356456 	4.70925 	-1.35772e-18 	0
0.357057 	4.711 	-1.35802e-18 	0
0.357658 	4.71275 	-1.35831e-18 	0
0.358258 	4.71449 	-1.35859e-18 	0
0.358859 	4.71623 	-1.35885e-18 	0
0.359459 	4.71796 	-1.3591e-18 	0
0.36006 	4.71969 	-1.35933e-18 	0
0.360661 	4.72142 	-1.35955e-18 	0
0.361261 	4.72314 	-1.35975e-18 	0
0.361862 	4.72485 	-1.35993e-18 	0
0.362462 	4.72656 	-1.36011e-18 	0
0.363063 	4.72826 	-1.36026e-18 	0
0.363664 	4.72996 	-1.36039e-18 	0
0.364264 	4.73166 	-1.36051e-18 	0
0.364865 	4.73335 	-1.36061e-18 	0
0.365465 	4.73503 	-1.3607e-18 	0
0.366066 	4.73671 	-1.36077e-18 	0
0.366667 	4.73838 	-1.36082e-18 	0
0.367267 	4.74005 	-1.36084e-18 	0
0.367868 	4.74172 	-1.36085e-18 	0
0.368468 	4.74338 	-1.36085e-18 	0
0.369069 	4.74503 	-1.36082e-18 	0
0.36967 	4.74668 	-1.36077e-18 	0
0.37027 	4.74833 	-1.36071e-18 	0
0.370871 	4.74997 	-1.36062e-18 	0
0.371471 	4.7516 	-1.36052e-18 	0
0.372072 	4.75323 	-1.36039e-18 	0
0.372673 	4.75486 	-1.36025e-18 	0
0.373273 	4.75648 	-1.36008e-18 	0
0.373874 	4.75809 	-1.35989e-18 	0
0.374474 	4.7597 	-1.35969e-18 	0
0.375075 	4.7613 	-1.35946e-18 	0
0.375676 	4.7629 	-1.35921e-18 	0
0.376276 	4.76449 	-1.35894e-18 	0
0.376877 	4.76608 	-1.35865e-18 	0
0.377477 	4.76766 	-1.35834e-18 	0
0.378078 	4.76924 	-1.358e-18 	0
0.378679 	4.77081 	-1.35765e-18 	0
0.379279 	4.77238 	-1.35728e-18 	0
0.37988 	4.77394 	-1.35688e-18 	0
0.38048 	4.7755 	-1.35646e-18 	0
0.381081 	4.77705 	-1.35601e-18 	0
0.381682 	4.7786 	-1.35555e-18 	0
0.382282 	4.78013 	-1.35507e-18 	0
0.382883 	4.78166 	-1.35456e-18 	0
0.383483 	4.78319 	-1.35403e-18 	0
0.384084 	4.78471 	-1.35348e-18 	0
0.384685 	4.78623 	-1.35291e-18 	0
0.385285 	4.78774 	-1.3523e-18 	0
0.385886 	4.78924 	-1.35168e-18 	0
0.386486 	4.79075 	-1.35105e-18 	0
0.387087 	4.79224 	-1.35038e-18 	0
0.387688 	4.79373 	-1.3497e-18 	0
0.388288 	4.79522 	-1.34899e-18 	0
0.388889 	4.79669 	-1.34825e-18 	0
0.389489 	4.79816 	-1.3475e-18 	0
0.39009 	4.79963 	-1.34672e-18 	0
0.390691 	4.80109 	-1.34593e-18 	0
0.391291 	4.80254 	-1.34511e-18 	0
0.391892 	4.80399 	-1.34426e-18 	0
0.392492 	4.80543 	-1.3434e-18 	0
0.393093 	4.80687 	-1.34251e-18 	0
0.393694 	4.8083 	-1.3416e-18 	0
0.394294 	4.80972 	-1.34066e-18 	0
0.394895 	4.81114 	-1.3397e-18 	0
0.395495 	4.81256 	-1.33874e-18 	0
0.396096 	4.81396 	-1.33773e-18 	0
0.396697 	4.81537 	-1.33671e-18 	0
0.397297 	4.81676 	-1.33566e-18 	0
0.397898 	4.81815 	-1.33459e-18 	0
0.398498 	4.81953 	-1.33351e-18 	0
0.399099 	4.8209 	-1.33239e-18 	0
0.3997 	4.82227 	-1.33126e-18 	0
0.4003 	4.82364 	-1.3301e-18 	0
0.400901 	4.82499 	-1.32892e-18 	0
0.401502 	4.82634 	-1.32773e-18 	0
0.402102 	4.82769 	-1.3265e-18 	0
0.402703 	4.82903 	-1.32526e-18 	0
0.403303 	4.83036 	-1.324e-18 	0
0.403904 	4.83169 	-1.3227e-18 	0
0.404505 	4.83301 	-1.3214e-18 	0
0.405105 	4.83432 	-1.32007e-18 	0
0.405706 	4.83562 	-1.31872e-18 	0
0.406306 	4.83692 	-1.31734e-18 	0
0.406907 	4.83821 	-1.31595e-18 	0
0.407508 	4.83951 	-1.31454e-18 	0
0.408108 	4.84079 	-1.31309e-18 	0
0.408709 	4.84206 	-1.31164e-18 	0
0.409309 	4.84332 	-1.31016e-18 	0
0.40991 	4.84458 	-1.30866e-18 	0
0.410511 	4.84584 	-1.30714e-18 	0
0.411111 	4.84708 	-1.3056e-18 	0
0.411712 	4.84832 	-1.30404e-18 	0
0.412312 	4.84956 	-1.30246e-18 	0
0.412913 	4.85078 	-1.30085e-18 	0
0.413514 	4.85201 	-1.29924e-18 	0
0.414114 	4.85321 	-1.29759e-18 	0
0.414715 	4.85442 	-1.29593e-18 	0
0.415315 	4.85562 	-1.29425e-18 	0
0.415916 	4.85681 	-1.29254e-18 	0
0.416517 	4.858 	-1.29083e-18 	0
0.417117 	4.85917 	-1.28908e-18 	0
0.417718 	4.86034 	-1.28733e-18 	0
0.418318 	4.86151 	-1.28555e-18 	0
0.418919 	4.86266 	-1.28374e-18 	0
0.41952 	4.86382 	-1.28193e-18 	0
0.42012 	4.86496 	-1.28009e-18 	0
0.420721 	4.86609 	-1.27824e-18 	0
0.421321 	4.86722 	-1.27637e-18 	0
0.421922 	4.86834 	-1.27447e-18 	0
0.422523 	4.86946 	-1.27257e-18 	0
0.423123 	4.87057 	-1.27063e-18 	0
0.423724 	4.87166 	-1.26869e-18 	0
0.424324 	4.87275 	-1.26672e-18 	0
0.424925 	4.87383 	-1.26474e-18 	0
0.425526 	4.87492 	-1.26274e-18 	0
0.426126 	4.87598 	-1.26072e-18 	0
0.426727 	4.87705 	-1.25868e-18 	0
0.427327 	4.87811 	-1.25663e-18 	0
0.427928 	4.87915 	-1.25456e-18 	0
0.428529 	4.88019 	-1.25248e-18 	0
0.429129 	4.88122 	-1.25037e-18 	0
0.42973 	4.88225 	-1.24825e-18 	0
0.43033 	4.88326 	-1.24612e-18 	0
0.430931 	4.88427 	-1.24396e-18 	0
0.431532 	4.88527 	-1.2418e-18 	0
0.432132 	4.88627 	-1.23961e-18 	0
0.432733 	4.88726 	-1.23741e-18 	0
0.433333 	4.88824 	-1.2352e-18 	0
0.433934 	4.88921 	-1.23296e-18 	0
0.434535 	4.89017 	-1.23072e-18 	0
0.435135 	4.89112 	-1.22845e-18 	0
0.435736 	4.89207 	-1.22617e-18 	0
0.436336 	4.89301 	-1.22388e-18 	0
0.436937 	4.89394 	-1.22157e-18 	0
0.437538 	4.89487 	-1.21925e-18 	0
0.438138 	4.89578 	-1.21691e-18 	0
0.438739 	4.89669 	-1.21456e-18 	0
0.439339 	4.89759 	-1.21219e-18 	0
0.43994 	4.89848 	-1.20981e-18 	0
0.440541 	4.89937 	-1.20743e-18 	0
0.441141 	4.90024 	-1.20501e-18 	0
0.441742 	4.90111 	-1.20259e-18 	0
0.442342 	4.90196 	-1.20016e-18 	0
0.442943 	4.90281 	-1.19771e-18 	0
0.443544 	4.90366 	-1.19525e-18 	0
0.444144 	4.9045 	-1.19278e-18 	0
0.444745 	4.90532 	-1.19029e-18 	0
0.445345 	4.90614 	-1.18779e-18 	0
0.445946 	4.90695 	-1.18528e-18 	0
0.446547 	4.90776 	-1.18275e-18 	0
0.447147 	4.90855 	-1.18022e-18 	0
0.447748 	4.90933 	-1.17767e-18 	0
0.448348 	4.91011 	-1.17512e-18 	0
0.448949 	4.91088 	-1.17254e-18 	0
0.44955 	4.91164 	-1.16996e-18 	0
0.45015 	4.91239 	-1.16736e-18 	0
0.450751 	4.91314 	-1.16476e-18 	0
0.451351 	4.91387 	-1.16214e-18 	0
0.451952 	4.9146 	-1.15951e-18 	0
0.452553 	4.91532 	-1.15688e-18 	0
0.453153 	4.91602 	-1.15422e-18 	0
0.453754 	4.91672 	-1.15156e-18 	0
0.454354 	4.91742 	-1.1489e-18 	0
0.454955 	4.9181 	-1.14622e-18 	0
0.455556 	4.91878 	-1.14353e-18 	0
0.456156 	4.91944 	-1.14083e-18 	0
0.456757 	4.9201 	-1.13812e-18 	0
0.457357 	4.92075 	-1.1354e-18 	0
0.457958 	4.9214 	-1.13267e-18 	0
0.458559 	4.92203 	-1.12993e-18 	0
0.459159 	4.92265 	-1.12719e-18 	0
0.45976 	4.92326 	-1.12444e-18 	0
0.46036 	4.92387 	-1.12167e-18 	0
0.460961 	4.92447 	-1.1189e-18 	0
0.461562 	4.92506 	-1.11611e-18 	0
0.462162 	4.92564 	-1.11333e-18 	0
0.462763 	4.9262 	-1.11053e-18 	0
0.463363 	4.92676 	-1.10773e-18 	0
0.463964 	4.92732 	-1.10491e-18 	0
0.464565 	4.92787 	-1.1021e-18 	0
0.465165 	4.9284 	-1.09927e-18 	0
0.465766 	4.92893 	-1.09643e-18 	0
0.466366 	4.92945 	-1.09359e-18 	0
0.466967 	4.92995 	-1.09074e-18 	0
0.467568 	4.93045 	-1.08789e-18 	0
0.468168 	4.93094 	-1.08502e-18 	0
0.468769 	4.93142 	-1.08215e-18 	0
0.469369 	4.9319 	-1.07928e-18 	0
0.46997 	4.93236 	-1.07639e-18 	0
0.470571 	4.93281 	-1.0735e-18 	0
0.471171 	4.93326 	-1.0706e-18 	0
0.471772 	4.9337 	-1.0677e-18 	0
0.472372 	4.93413 	-1.0648e-18 	0
0.472973 	4.93455 	-1.06189e-18 	0
0.473574 	4.93496 	-1.05897e-18 	0
0.474174 	4.93535 	-1.05605e-18 	0
0.474775 	4.93575 	-1.05312e-18 	0
0.475375 	4.93613 	-1.05018e-18 	0
0.475976 	4.9365 	-1.04724e-18 	0
0.476577 	4.93687 	-1.0443e-18 	0
0.477177 	4.93722 	-1.04136e-18 	0
0.477778 	4.93757 	-1.0384e-18 	0
0.478378 	4.93791 	-1.03544e-18 	0
0.478979 	4.93823 	-1.03248e-18 	0
0.47958 	4.93855 	-1.02952e-18 	0
0.48018 	4.93886 	-1.02654e-18 	0
0.480781 	4.93916 	-1.02357e-18 	0
0.481381 	4.93945 	-1.0206e-18 	0
0.481982 	4.93973 	-1.01761e-18 	0
0.482583 	4.94001 	-1.01463e-18 	0
0.483183 	4.94027 	-1.01164e-18 	0
0.483784 	4.94053 	-1.00865e-18 	0
0.484384 	4.94077 	-1.00566e-18 	0
0.484985 	4.94101 	-1.00266e-18 	0
0.485586 	4.94124 	-9.99662e-19 	0
0.486186 	4.94146 	-9.96656e-19 	0
0.486787 	4.94166 	-9.93648e-19 	0
0.487387 	4.94186 	-9.9064e-19 	0
0.487988 	4.94205 	-9.87628e-19 	0
0.488589 	4.94223 	-9.84615e-19 	0
0.489189 	4.9424 	-9.81599e-19 	0
0.48979 	4.94257 	-9.78581e-19 	0
0.49039 	4.94272 	-9.75562e-19 	0
0.490991 	4.94286 	-9.7254e-19 	0
0.491592 	4.943 	-9.69517e-19 	0
0.492192 	4.94313 	-9.66491e-19 	0
0.492793 	4.94324 	-9.63464e-19 	0
0.493393 	4.94335 	-9.60436e-19 	0
0.493994 	4.94344 	-9.57406e-19 	0
0.494595 	4.94353 	-9.54375e-19 	0
0.495195 	4.94361 	-9.51344e-19 	0
0.495796 	4.94368 	-9.48311e-19 	0
0.496396 	4.94374 	-9.45276e-19 	0
0.496997 	4.94379 	-9.42242e-19 	0
0.497598 	4.94383 	-9.39207e-19 	0
0.498198 	4.94386 	-9.3617e-19 	0
0.498799 	4.94389 	-9.33133e-19 	0
0.499399 	4.94391 	-9.30097e-19 	0
0.5 	4.94391 	-9.27059e-19 	0
