0.0003003 	0.14238 	-5.13095e-18 	0
0.000900901 	0.426699 	-9.64731e-18 	0
0.0015015 	0.710793 	-1.13008e-17 	0
0.0021021 	0.992782 	-1.26157e-17 	0
0.0027027 	1.27138 	-1.32373e-17 	0
0.0033033 	1.54334 	-1.24976e-17 	0
0.0039039 	1.79743 	-1.22029e-17 	0
0.0045045 	2.04253 	-1.21258e-17 	0
0.00510511 	2.24872 	-1.2182e-17 	0
0.00570571 	2.44166 	-1.22398e-17 	0
0.00630631 	2.60917 	-1.23007e-17 	0
0.00690691 	2.75554 	-1.22756e-17 	0
0.00750751 	2.89155 	-1.22089e-17 	0
0.00810811 	3.00431 	-1.20898e-17 	0
0.00870871 	3.11093 	-1.19817e-17 	0
0.00930931 	3.20604 	-1.18945e-17 	0
0.00990991 	3.292 	-1.18928e-17 	0
0.0105105 	3.37352 	-1.19323e-17 	0
0.0111111 	3.44481 	-1.20482e-17 	0
0.0117117 	3.51319 	-1.21777e-17 	0
0.0123123 	3.57624 	-1.23322e-17 	0
0.0129129 	3.63472 	-1.25043e-17 	0
0.0135135 	3.691 	-1.26826e-17 	0
0.0141141 	3.74194 	-1.2788e-17 	0
0.0147147 	3.79125 	-1.28854e-17 	0
0.0153153 	3.83764 	-1.29683e-17 	0
0.0159159 	3.88138 	-1.29982e-17 	0
0.0165165 	3.92385 	-1.30027e-17 	0
0.0171171 	3.96312 	-1.29432e-17 	0
0.0177177 	4.00137 	-1.28824e-17 	0
0.0183183 	4.03782 	-1.28194e-17 	0
0.0189189 	4.07255 	-1.27604e-17 	0
0.0195195 	4.10646 	-1.27034e-17 	0
0.0201201 	4.13829 	-1.26513e-17 	0
0.0207207 	4.16941 	-1.26009e-17 	0
0.0213213 	4.19932 	-1.25533e-17 	0
0.0219219 	4.22804 	-1.25083e-17 	0
0.0225225 	4.25619 	-1.24645e-17 	0
0.0231231 	4.28288 	-1.24237e-17 	0
0.0237237 	4.30906 	-1.23839e-17 	0
0.0243243 	4.33438 	-1.23458e-17 	0
0.0249249 	4.35881 	-1.23091e-17 	0
0.0255255 	4.38284 	-1.22733e-17 	0
0.0261261 	4.40578 	-1.22391e-17 	0
0.0267267 	4.42835 	-1.22056e-17 	0
0.0273273 	4.45027 	-1.2173e-17 	0
0.0279279 	4.47151 	-1.21413e-17 	0
0.0285285 	4.49245 	-1.211e-17 	0
0.0291291 	4.51256 	-1.20797e-17 	0
0.0297297 	4.53237 	-1.20498e-17 	0
0.0303303 	4.55168 	-1.20205e-17 	0
0.0309309 	4.57047 	-1.19918e-17 	0
0.0315315 	4.58901 	-1.19633e-17 	0
0.0321321 	4.6069 	-1.19357e-17 	0
0.0327327 	4.62454 	-1.19082e-17 	0
0.0333333 	4.64179 	-1.18812e-17 	0
0.0339339 	4.65862 	-1.18547e-17 	0
0.0345345 	4.67526 	-1.18283e-17 	0
0.0351351 	4.69136 	-1.18025e-17 	0
0.0357357 	4.70726 	-1.17769e-17 	0
0.0363363 	4.72285 	-1.17516e-17 	0
0.0369369 	4.73808 	-1.17267e-17 	0
0.0375375 	4.75316 	-1.17021e-17 	0
0.0381381 	4.7678 	-1.16779e-17 	0
0.0387387 	4.78227 	-1.16539e-17 	0
0.0393393 	4.79649 	-1.16302e-17 	0
0.0399399 	4.8104 	-1.16069e-17 	0
0.0405405 	4.82419 	-1.15838e-17 	0
0.0411411 	4.83761 	-1.15611e-17 	0
0.0417417 	4.85089 	-1.15387e-17 	0
0.0423423 	4.86394 	-1.15164e-17 	0
0.0429429 	4.87675 	-1.14946e-17 	0
0.0435435 	4.88944 	-1.1473e-17 	0
0.0441441 	4.90183 	-1.14517e-17 	0
0.0447447 	4.91409 	-1.14306e-17 	0
0.0453453 	4.92617 	-1.14099e-17 	0
0.0459459 	4.93803 	-1.13894e-17 	0
0.0465465 	4.94979 	-1.13692e-17 	0
0.0471471 	4.96129 	-1.13493e-17 	0
0.0477477 	4.97269 	-1.13296e-17 	0
0.0483483 	4.98392 	-1.13102e-17 	0
0.0489489 	4.99497 	-1.12911e-17 	0
0.0495495 	5.00593 	-1.12722e-17 	0
0.0501502 	5.01666 	-1.12536e-17 	0
0.0507508 	5.0273 	-1.12352e-17 	0
0.0513514 	5.0378 	-1.12171e-17 	0
0.051952 	5.04813 	-1.11993e-17 	0
0.0525526 	5.05839 	-1.11816e-17 	0
0.0531532 	5.06846 	-1.11642e-17 	0
0.0537538 	5.07843 	-1.1147e-17 	0
0.0543544 	5.08829 	-1.113e-17 	0
0.054955 	5.098 	-1.11133e-17 	0
0.0555556 	5.10765 	-1.10967e-17 	0
0.0561562 	5.11712 	-1.10804e-17 	0
0.0567568 	5.12651 	-1.10643e-17 	0
0.0573574 	5.1358 	-1.10483e-17 	0
0.057958 	5.14496 	-1.10326e-17 	0
0.0585586 	5.15406 	-1.1017e-17 	0
0.0591592 	5.16301 	-1.10016e-17 	0
0.0597598 	5.17189 	-1.09864e-17 	0
0.0603604 	5.18067 	-1.09714e-17 	0
0.060961 	5.18933 	-1.09566e-17 	0
0.0615616 	5.19795 	-1.09418e-17 	0
0.0621622 	5.20642 	-1.09273e-17 	0
0.0627628 	5.21483 	-1.09128e-17 	0
0.0633634 	5.22316 	-1.08986e-17 	0
0.063964 	5.23139 	-1.08844e-17 	0
0.0645646 	5.23957 	-1.08703e-17 	0
0.0651652 	5.24762 	-1.08565e-17 	0
0.0657658 	5.25562 	-1.08427e-17 	0
0.0663664 	5.26355 	-1.0829e-17 	0
0.066967 	5.27137 	-1.08155e-17 	0
0.0675676 	5.27915 	-1.08021e-17 	0
0.0681682 	5.28683 	-1.07888e-17 	0
0.0687688 	5.29445 	-1.07755e-17 	0
0.0693694 	5.302 	-1.07624e-17 	0
0.06997 	5.30946 	-1.07493e-17 	0
0.0705706 	5.31689 	-1.07364e-17 	0
0.0711712 	5.32422 	-1.07235e-17 	0
0.0717718 	5.3315 	-1.07106e-17 	0
0.0723724 	5.33872 	-1.06979e-17 	0
0.072973 	5.34585 	-1.06853e-17 	0
0.0735736 	5.35295 	-1.06727e-17 	0
0.0741742 	5.35996 	-1.06601e-17 	0
0.0747748 	5.36693 	-1.06476e-17 	0
0.0753754 	5.37385 	-1.06352e-17 	0
0.075976 	5.38068 	-1.06228e-17 	0
0.0765766 	5.38749 	-1.06105e-17 	0
0.0771772 	5.39421 	-1.05983e-17 	0
0.0777778 	5.40089 	-1.05861e-17 	0
0.0783784 	5.40752 	-1.0574e-17 	0
0.078979 	5.41408 	-1.05619e-17 	0
0.0795796 	5.42062 	-1.05498e-17 	0
0.0801802 	5.42707 	-1.05378e-17 	0
0.0807808 	5.43349 	-1.05259e-17 	0
0.0813814 	5.43986 	-1.0514e-17 	0
0.081982 	5.44617 	-1.05023e-17 	0
0.0825826 	5.45245 	-1.04905e-17 	0
0.0831832 	5.45866 	-1.04788e-17 	0
0.0837838 	5.46484 	-1.04672e-17 	0
0.0843844 	5.47097 	-1.04556e-17 	0
0.084985 	5.47704 	-1.04442e-17 	0
0.0855856 	5.48309 	-1.04329e-17 	0
0.0861862 	5.48908 	-1.04217e-17 	0
0.0867868 	5.49503 	-1.04105e-17 	0
0.0873874 	5.50095 	-1.03995e-17 	0
0.087988 	5.50681 	-1.03886e-17 	0
0.0885886 	5.51264 	-1.03778e-17 	0
0.0891892 	5.51842 	-1.03673e-17 	0
0.0897898 	5.52416 	-1.03568e-17 	0
0.0903904 	5.52987 	-1.03465e-17 	0
0.090991 	5.53553 	-1.03365e-17 	0
0.0915916 	5.54116 	-1.03266e-17 	0
0.0921922 	5.54674 	-1.03171e-17 	0
0.0927928 	5.55229 	-1.03078e-17 	0
0.0933934 	5.55781 	-1.02987e-17 	0
0.093994 	5.56328 	-1.029e-17 	0
0.0945946 	5.56873 	-1.02815e-17 	0
0.0951952 	5.57413 	-1.02736e-17 	0
0.0957958 	5.5795 	-1.02659e-17 	0
0.0963964 	5.58485 	-1.02587e-17 	0
0.096997 	5.59014 	-1.0252e-17 	0
0.0975976 	5.59542 	-1.02456e-17 	0
0.0981982 	5.60064 	-1.02399e-17 	0
0.0987988 	5.60585 	-1.02346e-17 	0
0.0993994 	5.61102 	-1.02299e-17 	0
0.1 	5.61616 	-1.0226e-17 	0
0.100601 	5.62127 	-1.02225e-17 	0
0.101201 	5.62634 	-1.022e-17 	0
0.101802 	5.63138 	-1.0218e-17 	0
0.102402 	5.6364 	-1.02167e-17 	0
0.103003 	5.64138 	-1.02165e-17 	0
0.103604 	5.64634 	-1.02168e-17 	0
0.104204 	5.65126 	-1.02183e-17 	0
0.104805 	5.65616 	-1.02205e-17 	0
0.105405 	5.66103 	-1.02234e-17 	0
0.106006 	5.66587 	-1.02276e-17 	0
0.106607 	5.67069 	-1.02324e-17 	0
0.107207 	5.67547 	-1.02384e-17 	0
0.107808 	5.68023 	-1.02454e-17 	0
0.108408 	5.68497 	-1.02532e-17 	0
0.109009 	5.68967 	-1.02618e-17 	0
0.10961 	5.69435 	-1.02708e-17 	0
0.11021 	5.699 	-1.02806e-17 	0
0.110811 	5.70362 	-1.02909e-17 	0
0.111411 	5.70823 	-1.03017e-17 	0
0.112012 	5.7128 	-1.03142e-17 	0
0.112613 	5.71736 	-1.03272e-17 	0
0.113213 	5.72189 	-1.03409e-17 	0
0.113814 	5.72639 	-1.03554e-17 	0
0.114414 	5.73087 	-1.03705e-17 	0
0.115015 	5.73532 	-1.03869e-17 	0
0.115616 	5.73976 	-1.04036e-17 	0
0.116216 	5.74417 	-1.04213e-17 	0
0.116817 	5.74856 	-1.04394e-17 	0
0.117417 	5.75293 	-1.0458e-17 	0
0.118018 	5.75726 	-1.04773e-17 	0
0.118619 	5.76159 	-1.04967e-17 	0
0.119219 	5.76588 	-1.05165e-17 	0
0.11982 	5.77016 	-1.05364e-17 	0
0.12042 	5.77442 	-1.05563e-17 	0
0.121021 	5.77865 	-1.05757e-17 	0
0.121622 	5.78287 	-1.05949e-17 	0
0.122222 	5.78705 	-1.06137e-17 	0
0.122823 	5.79122 	-1.06318e-17 	0
0.123423 	5.79538 	-1.06492e-17 	0
0.124024 	5.79951 	-1.06648e-17 	0
0.124625 	5.80363 	-1.06796e-17 	0
0.125225 	5.80772 	-1.06923e-17 	0
0.125826 	5.81179 	-1.07029e-17 	0
0.126426 	5.81584 	-1.07118e-17 	0
0.127027 	5.81988 	-1.07167e-17 	0
0.127628 	5.8239 	-1.072e-17 	0
0.128228 	5.82789 	-1.07188e-17 	0
0.128829 	5.83187 	-1.0714e-17 	0
0.129429 	5.83583 	-1.07061e-17 	0
0.13003 	5.83977 	-1.06912e-17 	0
0.130631 	5.8437 	-1.06733e-17 	0
0.131231 	5.8476 	-1.06479e-17 	0
0.131832 	5.85149 	-1.06163e-17 	0
0.132432 	5.85536 	-1.05797e-17 	0
0.133033 	5.85921 	-1.05315e-17 	0
0.133634 	5.86305 	-1.04785e-17 	0
0.134234 	5.86687 	-1.04137e-17 	0
0.134835 	5.87067 	-1.0339e-17 	0
0.135435 	5.87446 	-1.02566e-17 	0
0.136036 	5.87823 	-1.01556e-17 	0
0.136637 	5.88198 	-1.00465e-17 	0
0.137237 	5.88572 	-9.91791e-18 	0
0.137838 	5.88944 	-9.77348e-18 	0
0.138438 	5.89315 	-9.61676e-18 	0
0.139039 	5.89683 	-9.41164e-18 	0
0.13964 	5.90051 	-9.21535e-18 	0
0.14024 	5.90417 	-9.06644e-18 	0
0.140841 	5.90781 	-8.91709e-18 	0
0.141441 	5.91144 	-8.7674e-18 	0
0.142042 	5.91505 	-8.56314e-18 	0
0.142643 	5.91865 	-8.3657e-18 	0
0.143243 	5.92223 	-8.20911e-18 	0
0.143844 	5.9258 	-8.06811e-18 	0
0.144444 	5.92935 	-7.93874e-18 	0
0.145045 	5.93289 	-7.83167e-18 	0
0.145646 	5.93642 	-7.73183e-18 	0
0.146246 	5.93993 	-7.64748e-18 	0
0.146847 	5.94342 	-7.57309e-18 	0
0.147447 	5.94691 	-7.50598e-18 	0
0.148048 	5.95037 	-7.45288e-18 	0
0.148649 	5.95383 	-7.40456e-18 	0
0.149249 	5.95727 	-7.36668e-18 	0
0.14985 	5.9607 	-7.33597e-18 	0
0.15045 	5.96412 	-7.3104e-18 	0
0.151051 	5.96751 	-7.29536e-18 	0
0.151652 	5.9709 	-7.28392e-18 	0
0.152252 	5.97428 	-7.28034e-18 	0
0.152853 	5.97764 	-7.28275e-18 	0
0.153453 	5.98099 	-7.28938e-18 	0
0.154054 	5.98433 	-7.30502e-18 	0
0.154655 	5.98765 	-7.32388e-18 	0
0.155255 	5.99096 	-7.34985e-18 	0
0.155856 	5.99426 	-7.38151e-18 	0
0.156456 	5.99755 	-7.41709e-18 	0
0.157057 	6.00083 	-7.46145e-18 	0
0.157658 	6.00409 	-7.50909e-18 	0
0.158258 	6.00734 	-7.56402e-18 	0
0.158859 	6.01058 	-7.62498e-18 	0
0.159459 	6.01381 	-7.69e-18 	0
0.16006 	6.01702 	-7.76509e-18 	0
0.160661 	6.02022 	-7.84392e-18 	0
0.161261 	6.02341 	-7.93099e-18 	0
0.161862 	6.02659 	-8.02515e-18 	0
0.162462 	6.02977 	-8.12398e-18 	0
0.163063 	6.03293 	-8.23442e-18 	0
0.163664 	6.03607 	-8.34927e-18 	0
0.164264 	6.0392 	-8.47385e-18 	0
0.164865 	6.04232 	-8.60698e-18 	0
0.165465 	6.04544 	-8.74563e-18 	0
0.166066 	6.04854 	-8.89861e-18 	0
0.166667 	6.05164 	-9.05704e-18 	0
0.167267 	6.05472 	-9.22737e-18 	0
0.167868 	6.05779 	-9.40923e-18 	0
0.168468 	6.06085 	-9.59838e-18 	0
0.169069 	6.0639 	-9.80349e-18 	0
0.16967 	6.06694 	-1.00276e-17 	0
0.17027 	6.06996 	-1.02977e-17 	0
0.170871 	6.07298 	-1.05053e-17 	0
0.171471 	6.07599 	-1.06741e-17 	0
0.172072 	6.07898 	-1.08411e-17 	0
0.172673 	6.08197 	-1.10357e-17 	0
0.173273 	6.08495 	-1.12989e-17 	0
0.173874 	6.08791 	-1.15198e-17 	0
0.174474 	6.09087 	-1.17151e-17 	0
0.175075 	6.09382 	-1.18914e-17 	0
0.175676 	6.09676 	-1.20606e-17 	0
0.176276 	6.09969 	-1.22146e-17 	0
0.176877 	6.1026 	-1.23568e-17 	0
0.177477 	6.10551 	-1.24919e-17 	0
0.178078 	6.10841 	-1.26105e-17 	0
0.178679 	6.11131 	-1.27236e-17 	0
0.179279 	6.11418 	-1.28254e-17 	0
0.17988 	6.11705 	-1.2918e-17 	0
0.18048 	6.11992 	-1.30054e-17 	0
0.181081 	6.12277 	-1.308e-17 	0
0.181682 	6.12562 	-1.31506e-17 	0
0.182282 	6.12845 	-1.3213e-17 	0
0.182883 	6.13128 	-1.32686e-17 	0
0.183483 	6.13409 	-1.33203e-17 	0
0.184084 	6.1369 	-1.33632e-17 	0
0.184685 	6.1397 	-1.34035e-17 	0
0.185285 	6.14249 	-1.34388e-17 	0
0.185886 	6.14527 	-1.34703e-17 	0
0.186486 	6.14805 	-1.34996e-17 	0
0.187087 	6.15081 	-1.35251e-17 	0
0.187688 	6.15357 	-1.35498e-17 	0
0.188288 	6.15631 	-1.35729e-17 	0
0.188889 	6.15905 	-1.35959e-17 	0
0.189489 	6.16178 	-1.36189e-17 	0
0.19009 	6.1645 	-1.36438e-17 	0
0.190691 	6.16722 	-1.367e-17 	0
0.191291 	6.16992 	-1.36992e-17 	0
0.191892 	6.17262 	-1.37324e-17 	0
0.192492 	6.17531 	-1.37678e-17 	0
0.193093 	6.17799 	-1.38117e-17 	0
0.193694 	6.18066 	-1.38593e-17 	0
0.194294 	6.18333 	-1.39143e-17 	0
0.194895 	6.18598 	-1.39782e-17 	0
0.195495 	6.18863 	-1.40467e-17 	0
0.196096 	6.19127 	-1.41303e-17 	0
0.196697 	6.19391 	-1.42197e-17 	0
0.197297 	6.19653 	-1.43208e-17 	0
0.197898 	6.19915 	-1.44343e-17 	0
0.198498 	6.20176 	-1.45542e-17 	0
0.199099 	6.20436 	-1.46934e-17 	0
0.1997 	6.20696 	-1.48391e-17 	0
0.2003 	6.20954 	-1.49975e-17 	0
0.200901 	6.21212 	-1.51652e-17 	0
0.201502 	6.2147 	-1.53377e-17 	0
0.202102 	6.21726 	-1.55965e-17 	0
0.202703 	6.21982 	-1.58627e-17 	0
0.203303 	6.22237 	-1.61434e-17 	0
0.203904 	6.22491 	-1.6424e-17 	0
0.204505 	6.22745 	-1.67044e-17 	0
0.205105 	6.22997 	-1.6962e-17 	0
0.205706 	6.23249 	-1.719e-17 	0
0.206306 	6.23501 	-1.73613e-17 	0
0.206907 	6.23751 	-1.75231e-17 	0
0.207508 	6.24001 	-1.76802e-17 	0
0.208108 	6.2425 	-1.78182e-17 	0
0.208709 	6.24499 	-1.79493e-17 	0
0.209309 	6.24746 	-1.80676e-17 	0
0.20991 	6.24993 	-1.81726e-17 	0
0.210511 	6.2524 	-1.82711e-17 	0
0.211111 	6.25486 	-1.83518e-17 	0
0.211712 	6.25731 	-1.84266e-17 	0
0.212312 	6.25976 	-1.84903e-17 	0
0.212913 	6.26219 	-1.85436e-17 	0
0.213514 	6.26462 	-1.8592e-17 	0
0.214114 	6.26704 	-1.86272e-17 	0
0.214715 	6.26946 	-1.86583e-17 	0
0.215315 	6.27187 	-1.86819e-17 	0
0.215916 	6.27427 	-1.86985e-17 	0
0.216517 	6.27668 	-1.87118e-17 	0
0.217117 	6.27906 	-1.87166e-17 	0
0.217718 	6.28144 	-1.87189e-17 	0
0.218318 	6.28382 	-1.87165e-17 	0
0.218919 	6.28619 	-1.871e-17 	0
0.21952 	6.28856 	-1.87015e-17 	0
0.22012 	6.29092 	-1.86882e-17 	0
0.220721 	6.29327 	-1.86734e-17 	0
0.221321 	6.29561 	-1.86559e-17 	0
0.221922 	6.29795 	-1.86361e-17 	0
0.222523 	6.30029 	-1.86153e-17 	0
0.223123 	6.30261 	-1.85918e-17 	0
0.223724 	6.30493 	-1.85674e-17 	0
0.224324 	6.30724 	-1.85416e-17 	0
0.224925 	6.30955 	-1.85145e-17 	0
0.225526 	6.31186 	-1.84869e-17 	0
0.226126 	6.31415 	-1.84579e-17 	0
0.226727 	6.31644 	-1.84285e-17 	0
0.227327 	6.31872 	-1.83984e-17 	0
0.227928 	6.321 	-1.83675e-17 	0
0.228529 	6.32328 	-1.83364e-17 	0
0.229129 	6.32554 	-1.83045e-17 	0
0.22973 	6.32779 	-1.82723e-17 	0
0.23033 	6.33005 	-1.82397e-17 	0
0.230931 	6.3323 	-1.82067e-17 	0
0.231532 	6.33454 	-1.81734e-17 	0
0.232132 	6.33677 	-1.81396e-17 	0
0.232733 	6.339 	-1.81056e-17 	0
0.233333 	6.34122 	-1.80714e-17 	0
0.233934 	6.34344 	-1.80366e-17 	0
0.234535 	6.34566 	-1.80017e-17 	0
0.235135 	6.34786 	-1.7966e-17 	0
0.235736 	6.35006 	-1.79301e-17 	0
0.236336 	6.35226 	-1.78938e-17 	0
0.236937 	6.35445 	-1.78572e-17 	0
0.237538 	6.35664 	-1.78206e-17 	0
0.238138 	6.35881 	-1.77836e-17 	0
0.238739 	6.36098 	-1.77464e-17 	0
0.239339 	6.36315 	-1.7709e-17 	0
0.23994 	6.36531 	-1.76714e-17 	0
0.240541 	6.36747 	-1.76336e-17 	0
0.241141 	6.36962 	-1.75952e-17 	0
0.241742 	6.37176 	-1.75567e-17 	0
0.242342 	6.3739 	-1.75181e-17 	0
0.242943 	6.37603 	-1.74792e-17 	0
0.243544 	6.37816 	-1.74402e-17 	0
0.244144 	6.38028 	-1.74009e-17 	0
0.244745 	6.3824 	-1.73615e-17 	0
0.245345 	6.38452 	-1.73217e-17 	0
0.245946 	6.38662 	-1.72817e-17 	0
0.246547 	6.38872 	-1.72415e-17 	0
0.247147 	6.39082 	-1.72009e-17 	0
0.247748 	6.39291 	-1.71601e-17 	0
0.248348 	6.39499 	-1.71191e-17 	0
0.248949 	6.39707 	-1.70777e-17 	0
0.24955 	6.39915 	-1.70363e-17 	0
0.25015 	6.40122 	-1.69945e-17 	0
0.250751 	6.40328 	-1.69526e-17 	0
0.251351 	6.40534 	-1.69106e-17 	0
0.251952 	6.4074 	-1.68683e-17 	0
0.252553 	6.40945 	-1.68259e-17 	0
0.253153 	6.41149 	-1.67833e-17 	0
0.253754 	6.41353 	-1.67406e-17 	0
0.254354 	6.41556 	-1.66978e-17 	0
0.254955 	6.41758 	-1.66549e-17 	0
0.255556 	6.41961 	-1.66119e-17 	0
0.256156 	6.42162 	-1.65688e-17 	0
0.256757 	6.42364 	-1.65256e-17 	0
0.257357 	6.42564 	-1.64824e-17 	0
0.257958 	6.42765 	-1.64391e-17 	0
0.258559 	6.42964 	-1.63958e-17 	0
0.259159 	6.43164 	-1.63525e-17 	0
0.25976 	6.43363 	-1.63092e-17 	0
0.26036 	6.43561 	-1.62659e-17 	0
0.260961 	6.43759 	-1.62226e-17 	0
0.261562 	6.43956 	-1.61794e-17 	0
0.262162 	6.44153 	-1.61361e-17 	0
0.262763 	6.44349 	-1.60929e-17 	0
0.263363 	6.44544 	-1.60498e-17 	0
0.263964 	6.4474 	-1.60067e-17 	0
0.264565 	6.44935 	-1.59637e-17 	0
0.265165 	6.45129 	-1.59208e-17 	0
0.265766 	6.45323 	-1.5878e-17 	0
0.266366 	6.45516 	-1.58353e-17 	0
0.266967 	6.45709 	-1.57927e-17 	0
0.267568 	6.45902 	-1.57501e-17 	0
0.268168 	6.46093 	-1.57077e-17 	0
0.268769 	6.46284 	-1.56654e-17 	0
0.269369 	6.46475 	-1.56233e-17 	0
0.26997 	6.46666 	-1.55812e-17 	0
0.270571 	6.46856 	-1.55393e-17 	0
0.271171 	6.47045 	-1.54976e-17 	0
0.271772 	6.47234 	-1.54559e-17 	0
0.272372 	6.47423 	-1.54144e-17 	0
0.272973 	6.47611 	-1.53731e-17 	0
0.273574 	6.47799 	-1.53319e-17 	0
0.274174 	6.47986 	-1.52909e-17 	0
0.274775 	6.48173 	-1.525e-17 	0
0.275375 	6.48359 	-1.52093e-17 	0
0.275976 	6.48545 	-1.51687e-17 	0
0.276577 	6.48731 	-1.51283e-17 	0
0.277177 	6.48915 	-1.5088e-17 	0
0.277778 	6.49099 	-1.50479e-17 	0
0.278378 	6.49283 	-1.5008e-17 	0
0.278979 	6.49466 	-1.49683e-17 	0
0.27958 	6.49649 	-1.49287e-17 	0
0.28018 	6.49832 	-1.48893e-17 	0
0.280781 	6.50014 	-1.485e-17 	0
0.281381 	6.50196 	-1.48109e-17 	0
0.281982 	6.50377 	-1.4772e-17 	0
0.282583 	6.50558 	-1.47332e-17 	0
0.283183 	6.50738 	-1.46946e-17 	0
0.283784 	6.50918 	-1.46562e-17 	0
0.284384 	6.51097 	-1.46179e-17 	0
0.284985 	6.51276 	-1.45798e-17 	0
0.285586 	6.51454 	-1.45418e-17 	0
0.286186 	6.51632 	-1.45041e-17 	0
0.286787 	6.5181 	-1.44665e-17 	0
0.287387 	6.51987 	-1.4429e-17 	0
0.287988 	6.52163 	-1.43918e-17 	0
0.288589 	6.5234 	-1.43547e-17 	0
0.289189 	6.52515 	-1.43177e-17 	0
0.28979 	6.52691 	-1.42809e-17 	0
0.29039 	6.52866 	-1.42442e-17 	0
0.290991 	6.5304 	-1.42077e-17 	0
0.291592 	6.53214 	-1.41714e-17 	0
0.292192 	6.53388 	-1.41353e-17 	0
0.292793 	6.53561 	-1.40993e-17 	0
0.293393 	6.53733 	-1.40634e-17 	0
0.293994 	6.53906 	-1.40277e-17 	0
0.294595 	6.54078 	-1.39921e-17 	0
0.295195 	6.54249 	-1.39567e-17 	0
0.295796 	6.5442 	-1.39214e-17 	0
0.296396 	6.54591 	-1.38863e-17 	0
0.296997 	6.5476 	-1.38513e-17 	0
0.297598 	6.5493 	-1.38165e-17 	0
0.298198 	6.55099 	-1.37818e-17 	0
0.298799 	6.55268 	-1.37473e-17 	0
0.299399 	6.55436 	-1.37129e-17 	0
0.3 	6.55603 	-1.36786e-17 	0
0.300601 	6.55771 	-1.36444e-17 	0
0.301201 	6.55938 	-1.36104e-17 	0
0.301802 	6.56105 	-1.35765e-17 	0
0.302402 	6.56271 	-1.35428e-17 	0
0.303003 	6.56437 	-1.35092e-17 	0
0.303604 	6.56602 	-1.34758e-17 	0
0.304204 	6.56767 	-1.34424e-17 	0
0.304805 	6.56931 	-1.34092e-17 	0
0.305405 	6.57095 	-1.33761e-17 	0
0.306006 	6.57259 	-1.33432e-17 	0
0.306607 	6.57422 	-1.33103e-17 	0
0.307207 	6.57585 	-1.32776e-17 	0
0.307808 	6.57747 	-1.3245e-17 	0
0.308408 	6.57909 	-1.32126e-17 	0
0.309009 	6.5807 	-1.31802e-17 	0
0.30961 	6.58231 	-1.31479e-17 	0
0.31021 	6.58392 	-1.31158e-17 	0
0.310811 	6.58552 	-1.30838e-17 	0
0.311411 	6.58711 	-1.30519e-17 	0
0.312012 	6.58871 	-1.30201e-17 	0
0.312613 	6.5903 	-1.29884e-17 	0
0.313213 	6.59188 	-1.29569e-17 	0
0.313814 	6.59347 	-1.29254e-17 	0
0.314414 	6.59504 	-1.2894e-17 	0
0.315015 	6.59661 	-1.28628e-17 	0
0.315616 	6.59818 	-1.28316e-17 	0
0.316216 	6.59974 	-1.28006e-17 	0
0.316817 	6.6013 	-1.27696e-17 	0
0.317417 	6.60287 	-1.27388e-17 	0
0.318018 	6.60442 	-1.27081e-17 	0
0.318619 	6.60596 	-1.26775e-17 	0
0.319219 	6.6075 	-1.26469e-17 	0
0.31982 	6.60904 	-1.26164e-17 	0
0.32042 	6.61058 	-1.25861e-17 	0
0.321021 	6.6121 	-1.25559e-17 	0
0.321622 	6.61363 	-1.25257e-17 	0
0.322222 	6.61515 	-1.24956e-17 	0
0.322823 	6.61667 	-1.24656e-17 	0
0.323423 	6.61819 	-1.24357e-17 	0
0.324024 	6.6197 	-1.2406e-17 	0
0.324625 	6.6212 	-1.23763e-17 	0
0.325225 	6.6227 	-1.23466e-17 	0
0.325826 	6.6242 	-1.23171e-17 	0
0.326426 	6.62569 	-1.22876e-17 	0
0.327027 	6.62718 	-1.22583e-17 	0
0.327628 	6.62866 	-1.2229e-17 	0
0.328228 	6.63014 	-1.21998e-17 	0
0.328829 	6.63162 	-1.21707e-17 	0
0.329429 	6.6331 	-1.21416e-17 	0
0.33003 	6.63456 	-1.21127e-17 	0
0.330631 	6.63603 	-1.20837e-17 	0
0.331231 	6.63749 	-1.2055e-17 	0
0.331832 	6.63894 	-1.20263e-17 	0
0.332432 	6.64039 	-1.19976e-17 	0
0.333033 	6.64183 	-1.19691e-17 	0
0.333634 	6.64328 	-1.19406e-17 	0
0.334234 	6.64472 	-1.19122e-17 	0
0.334835 	6.64616 	-1.18838e-17 	0
0.335435 	6.64759 	-1.18555e-17 	0
0.336036 	6.64901 	-1.18274e-17 	0
0.336637 	6.65043 	-1.17992e-17 	0
0.337237 	6.65185 	-1.17712e-17 	0
0.337838 	6.65326 	-1.17432e-17 	0
0.338438 	6.65468 	-1.17153e-17 	0
0.339039 	6.65608 	-1.16874e-17 	0
0.33964 	6.65749 	-1.16596e-17 	0
0.34024 	6.65888 	-1.16319e-17 	0
0.340841 	6.66028 	-1.16043e-17 	0
0.341441 	6.66166 	-1.15767e-17 	0
0.342042 	6.66305 	-1.15492e-17 	0
0.342643 	6.66443 	-1.15217e-17 	0
0.343243 	6.66581 	-1.14943e-17 	0
0.343844 	6.66718 	-1.1467e-17 	0
0.344444 	6.66855 	-1.14397e-17 	0
0.345045 	6.66992 	-1.14126e-17 	0
0.345646 	6.67128 	-1.13854e-17 	0
0.346246 	6.67263 	-1.13583e-17 	0
0.346847 	6.67398 	-1.13313e-17 	0
0.347447 	6.67533 	-1.13044e-17 	0
0.348048 	6.67667 	-1.12774e-17 	0
0.348649 	6.67801 	-1.12506e-17 	0
0.349249 	6.67935 	-1.12238e-17 	0
0.34985 	6.68068 	-1.11971e-17 	0
0.35045 	6.68201 	-1.11704e-17 	0
0.351051 	6.68333 	-1.11438e-17 	0
0.351652 	6.68465 	-1.11172e-17 	0
0.352252 	6.68597 	-1.10907e-17 	0
0.352853 	6.68728 	-1.10643e-17 	0
0.353453 	6.68858 	-1.10378e-17 	0
0.354054 	6.68988 	-1.10115e-17 	0
0.354655 	6.69118 	-1.09852e-17 	0
0.355255 	6.69247 	-1.0959e-17 	0
0.355856 	6.69376 	-1.09328e-17 	0
0.356456 	6.69505 	-1.09066e-17 	0
0.357057 	6.69633 	-1.08805e-17 	0
0.357658 	6.6976 	-1.08545e-17 	0
0.358258 	6.69888 	-1.08285e-17 	0
0.358859 	6.70015 	-1.08025e-17 	0
0.359459 	6.70141 	-1.07766e-17 	0
0.36006 	6.70267 	-1.07508e-17 	0
0.360661 	6.70393 	-1.0725e-17 	0
0.361261 	6.70518 	-1.06992e-17 	0
0.361862 	6.70643 	-1.06735e-17 	0
0.362462 	6.70767 	-1.06478e-17 	0
0.363063 	6.70891 	-1.06222e-17 	0
0.363664 	6.71015 	-1.05966e-17 	0
0.364264 	6.71138 	-1.05711e-17 	0
0.364865 	6.7126 	-1.05456e-17 	0
0.365465 	6.71383 	-1.05202e-17 	0
0.366066 	6.71504 	-1.04948e-17 	0
0.366667 	6.71626 	-1.04694e-17 	0
0.367267 	6.71747 	-1.0444e-17 	0
0.367868 	6.71868 	-1.04187e-17 	0
0.368468 	6.71988 	-1.03934e-17 	0
0.369069 	6.72107 	-1.03683e-17 	0
0.36967 	6.72227 	-1.03431e-17 	0
0.37027 	6.72346 	-1.03179e-17 	0
0.370871 	6.72464 	-1.02928e-17 	0
0.371471 	6.72581 	-1.02678e-17 	0
0.372072 	6.72699 	-1.02428e-17 	0
0.372673 	6.72816 	-1.02178e-17 	0
0.373273 	6.72933 	-1.01928e-17 	0
0.373874 	6.73049 	-1.01679e-17 	0
0.374474 	6.73165 	-1.01431e-17 	0
0.375075 	6.7328 	-1.01182e-17 	0
0.375676 	6.73396 	-1.00934e-17 	0
0.376276 	6.7351 	-1.00686e-17 	0
0.376877 	6.73624 	-1.00439e-17 	0
0.377477 	6.73738 	-1.00192e-17 	0
0.378078 	6.73851 	-9.99454e-18 	0
0.378679 	6.73964 	-9.96988e-18 	0
0.379279 	6.74077 	-9.94527e-18 	0
0.37988 	6.74189 	-9.9207e-18 	0
0.38048 	6.743 	-9.89614e-18 	0
0.381081 	6.74411 	-9.87163e-18 	0
0.381682 	6.74521 	-9.84714e-18 	0
0.382282 	6.74632 	-9.82269e-18 	0
0.382883 	6.74742 	-9.79826e-18 	0
0.383483 	6.74851 	-9.77385e-18 	0
0.384084 	6.7496 	-9.74949e-18 	0
0.384685 	6.75068 	-9.72514e-18 	0
0.385285 	6.75176 	-9.70083e-18 	0
0.385886 	6.75284 	-9.67655e-18 	0
0.386486 	6.75391 	-9.65228e-18 	0
0.387087 	6.75498 	-9.62805e-18 	0
0.387688 	6.75604 	-9.60384e-18 	0
0.388288 	6.7571 	-9.57966e-18 	0
0.388889 	6.75815 	-9.5555e-18 	0
0.389489 	6.7592 	-9.53136e-18 	0
0.39009 	6.76024 	-9.50727e-18 	0
0.390691 	6.76128 	-9.48318e-18 	0
0.391291 	6.76232 	-9.45912e-18 	0
0.391892 	6.76335 	-9.43508e-18 	0
0.392492 	6.76438 	-9.41106e-18 	0
0.393093 	6.7654 	-9.38708e-18 	0
0.393694 	6.76642 	-9.36311e-18 	0
0.394294 	6.76742 	-9.33916e-18 	0
0.394895 	6.76843 	-9.31524e-18 	0
0.395495 	6.76944 	-9.29134e-18 	0
0.396096 	6.77044 	-9.26747e-18 	0
0.396697 	6.77143 	-9.2436e-18 	0
0.397297 	6.77243 	-9.21976e-18 	0
0.397898 	6.77341 	-9.19594e-18 	0
0.398498 	6.77439 	-9.17213e-18 	0
0.399099 	6.77537 	-9.14836e-18 	0
0.3997 	6.77634 	-9.1246e-18 	0
0.4003 	6.77731 	-9.10085e-18 	0
0.400901 	6.77827 	-9.07713e-18 	0
0.401502 	6.77922 	-9.05342e-18 	0
0.402102 	6.78018 	-9.02974e-18 	0
0.402703 	6.78113 	-9.00607e-18 	0
0.403303 	6.78207 	-8.98242e-18 	0
0.403904 	6.78301 	-8.95878e-18 	0
0.404505 	6.78395 	-8.93515e-18 	0
0.405105 	6.78487 	-8.91156e-18 	0
0.405706 	6.78579 	-8.88797e-18 	0
0.406306 	6.78671 	-8.8644e-18 	0
0.406907 	6.78763 	-8.84085e-18 	0
0.407508 	6.78854 	-8.81731e-18 	0
0.408108 	6.78945 	-8.79379e-18 	0
0.408709 	6.79035 	-8.77028e-18 	0
0.409309 	6.79125 	-8.74678e-18 	0
0.40991 	6.79214 	-8.7233e-18 	0
0.410511 	6.79303 	-8.69983e-18 	0
0.411111 	6.7939 	-8.67638e-18 	0
0.411712 	6.79478 	-8.65294e-18 	0
0.412312 	6.79566 	-8.62952e-18 	0
0.412913 	6.79652 	-8.60611e-18 	0
0.413514 	6.79739 	-8.58271e-18 	0
0.414114 	6.79824 	-8.55933e-18 	0
0.414715 	6.79909 	-8.53596e-18 	0
0.415315 	6.79994 	-8.5126e-18 	0
0.415916 	6.80078 	-8.48926e-18 	0
0.416517 	6.80162 	-8.46592e-18 	0
0.417117 	6.80245 	-8.4426e-18 	0
0.417718 	6.80328 	-8.41928e-18 	0
0.418318 	6.8041 	-8.39599e-18 	0
0.418919 	6.80492 	-8.3727e-18 	0
0.41952 	6.80574 	-8.34942e-18 	0
0.42012 	6.80654 	-8.32616e-18 	0
0.420721 	6.80734 	-8.30291e-18 	0
0.421321 	6.80814 	-8.27966e-18 	0
0.421922 	6.80893 	-8.25643e-18 	0
0.422523 	6.80972 	-8.23321e-18 	0
0.423123 	6.8105 	-8.21e-18 	0
0.423724 	6.81128 	-8.1868e-18 	0
0.424324 	6.81205 	-8.1636e-18 	0
0.424925 	6.81282 	-8.14043e-18 	0
0.425526 	6.81358 	-8.11726e-18 	0
0.426126 	6.81434 	-8.0941e-18 	0
0.426727 	6.81509 	-8.07094e-18 	0
0.427327 	6.81584 	-8.0478e-18 	0
0.427928 	6.81658 	-8.02467e-18 	0
0.428529 	6.81731 	-8.00155e-18 	0
0.429129 	6.81804 	-7.97844e-18 	0
0.42973 	6.81877 	-7.95534e-18 	0
0.43033 	6.81949 	-7.93224e-18 	0
0.430931 	6.8202 	-7.90916e-18 	0
0.431532 	6.82092 	-7.88608e-18 	0
0.432132 	6.82162 	-7.86302e-18 	0
0.432733 	6.82232 	-7.83996e-18 	0
0.433333 	6.82301 	-7.81691e-18 	0
0.433934 	6.82369 	-7.79387e-18 	0
0.434535 	6.82438 	-7.77084e-18 	0
0.435135 	6.82506 	-7.74782e-18 	0
0.435736 	6.82573 	-7.72481e-18 	0
0.436336 	6.8264 	-7.7018e-18 	0
0.436937 	6.82706 	-7.67881e-18 	0
0.437538 	6.82771 	-7.65582e-18 	0
0.438138 	6.82836 	-7.63284e-18 	0
0.438739 	6.82901 	-7.60988e-18 	0
0.439339 	6.82965 	-7.58692e-18 	0
0.43994 	6.83028 	-7.56397e-18 	0
0.440541 	6.83091 	-7.54102e-18 	0
0.441141 	6.83153 	-7.5181e-18 	0
0.441742 	6.83215 	-7.49518e-18 	0
0.442342 	6.83276 	-7.47226e-18 	0
0.442943 	6.83336 	-7.44936e-18 	0
0.443544 	6.83396 	-7.42646e-18 	0
0.444144 	6.83456 	-7.40358e-18 	0
0.444745 	6.83515 	-7.3807e-18 	0
0.445345 	6.83573 	-7.35783e-18 	0
0.445946 	6.8363 	-7.33497e-18 	0
0.446547 	6.83687 	-7.31212e-18 	0
0.447147 	6.83744 	-7.28929e-18 	0
0.447748 	6.838 	-7.26646e-18 	0
0.448348 	6.83856 	-7.24364e-18 	0
0.448949 	6.8391 	-7.22083e-18 	0
0.44955 	6.83964 	-7.19803e-18 	0
0.45015 	6.84018 	-7.17525e-18 	0
0.450751 	6.84071 	-7.15247e-18 	0
0.451351 	6.84124 	-7.12971e-18 	0
0.451952 	6.84176 	-7.10695e-18 	0
0.452553 	6.84227 	-7.0842e-18 	0
0.453153 	6.84278 	-7.06147e-18 	0
0.453754 	6.84328 	-7.03875e-18 	0
0.454354 	6.84378 	-7.01604e-18 	0
0.454955 	6.84427 	-6.99334e-18 	0
0.455556 	6.84475 	-6.97064e-18 	0
0.456156 	6.84523 	-6.94797e-18 	0
0.456757 	6.8457 	-6.92531e-18 	0
0.457357 	6.84616 	-6.90265e-18 	0
0.457958 	6.84662 	-6.88001e-18 	0
0.458559 	6.84707 	-6.85739e-18 	0
0.459159 	6.84752 	-6.83477e-18 	0
0.45976 	6.84797 	-6.81217e-18 	0
0.46036 	6.8484 	-6.78958e-18 	0
0.460961 	6.84883 	-6.76701e-18 	0
0.461562 	6.84925 	-6.74445e-18 	0
0.462162 	6.84967 	-6.72191e-18 	0
0.462763 	6.85008 	-6.69938e-18 	0
0.463363 	6.85049 	-6.67686e-18 	0
0.463964 	6.85088 	-6.65436e-18 	0
0.464565 	6.85127 	-6.63186e-18 	0
0.465165 	6.85166 	-6.6094e-18 	0
0.465766 	6.85203 	-6.58694e-18 	0
0.466366 	6.85241 	-6.5645e-18 	0
0.466967 	6.85277 	-6.54208e-18 	0
0.467568 	6.85314 	-6.51967e-18 	0
0.468168 	6.85349 	-6.49728e-18 	0
0.468769 	6.85384 	-6.47491e-18 	0
0.469369 	6.85419 	-6.45255e-18 	0
0.46997 	6.85452 	-6.43022e-18 	0
0.470571 	6.85485 	-6.40789e-18 	0
0.471171 	6.85517 	-6.38559e-18 	0
0.471772 	6.85548 	-6.36331e-18 	0
0.472372 	6.85579 	-6.34104e-18 	0
0.472973 	6.8561 	-6.3188e-18 	0
0.473574 	6.8564 	-6.29656e-18 	0
0.474174 	6.85668 	-6.27436e-18 	0
0.474775 	6.85697 	-6.25218e-18 	0
0.475375 	6.85724 	-6.23e-18 	0
0.475976 	6.85751 	-6.20786e-18 	0
0.476577 	6.85778 	-6.18573e-18 	0
0.477177 	6.85803 	-6.16363e-18 	0
0.477778 	6.85828 	-6.14154e-18 	0
0.478378 	6.85853 	-6.11948e-18 	0
0.478979 	6.85877 	-6.09745e-18 	0
0.47958 	6.859 	-6.07543e-18 	0
0.48018 	6.85923 	-6.05343e-18 	0
0.480781 	6.85945 	-6.03146e-18 	0
0.481381 	6.85966 	-6.00951e-18 	0
0.481982 	6.85986 	-5.98756e-18 	0
0.482583 	6.86006 	-5.96563e-18 	0
0.483183 	6.86025 	-5.94372e-18 	0
0.483784 	6.86044 	-5.92184e-18 	0
0.484384 	6.86062 	-5.89998e-18 	0
0.484985 	6.86079 	-5.87813e-18 	0
0.485586 	6.86095 	-5.85629e-18 	0
0.486186 	6.86111 	-5.83447e-18 	0
0.486787 	6.86126 	-5.81266e-18 	0
0.487387 	6.86141 	-5.79087e-18 	0
0.487988 	6.86155 	-5.76909e-18 	0
0.488589 	6.86168 	-5.74731e-18 	0
0.489189 	6.8618 	-5.72559e-18 	0
0.48979 	6.86192 	-5.70387e-18 	0
0.49039 	6.86203 	-5.68217e-18 	0
0.490991 	6.86213 	-5.6605e-18 	0
0.491592 	6.86223 	-5.63883e-18 	0
0.492192 	6.86232 	-5.61721e-18 	0
0.492793 	6.86241 	-5.59561e-18 	0
0.493393 	6.86249 	-5.57402e-18 	0
0.493994 	6.86256 	-5.55247e-18 	0
0.494595 	6.86263 	-5.53093e-18 	0
0.495195 	6.86268 	-5.50943e-18 	0
0.495796 	6.86273 	-5.48795e-18 	0
0.496396 	6.86278 	-5.46648e-18 	0
0.496997 	6.86281 	-5.44506e-18 	0
0.497598 	6.86284 	-5.42365e-18 	0
0.498198 	6.86287 	-5.40227e-18 	0
0.498799 	6.86289 	-5.38092e-18 	0
0.499399 	6.8629 	-5.35959e-18 	0
0.5 	6.8629 	-5.33831e-18 	0
