/*--------------------------------*- C++ -*----------------------------------*\
| =========                 |                                                 |
| \\      /  F ield         | OpenFOAM: The Open Source CFD Toolbox           |
|  \\    /   O peration     | Version:  2406                                  |
|   \\  /    A nd           | Website:  www.openfoam.com                      |
|    \\/     M anipulation  |                                                 |
\*---------------------------------------------------------------------------*/
FoamFile
{
    version     2.0;
    format      ascii;
    arch        "LSB;label=32;scalar=64";
    class       volScalarField;
    location    "22.855";
    object      p;
}
// * * * * * * * * * * * * * * * * * * * * * * * * * * * * * * * * * * * * * //

dimensions      [0 2 -2 0 0 0 0];

internalField   nonuniform List<scalar> 
1000
(
2.80087e-19
1.56954e-18
1.87185e-18
1.80238e-18
1.73223e-18
1.71685e-18
1.71685e-18
1.78919e-18
1.94038e-18
1.73394e-18
1.5641e-18
1.62563e-18
1.57585e-18
1.61142e-18
1.45974e-18
1.66093e-18
1.74598e-18
1.74598e-18
1.69897e-18
1.69897e-18
1.69897e-18
1.69897e-18
1.69897e-18
1.69897e-18
1.69897e-18
1.69897e-18
1.69897e-18
1.69897e-18
1.69897e-18
1.69897e-18
1.69897e-18
1.69897e-18
1.69897e-18
1.69897e-18
1.69897e-18
1.69897e-18
1.69897e-18
1.69897e-18
1.69897e-18
1.69897e-18
1.69897e-18
1.69897e-18
1.69897e-18
1.69897e-18
1.69897e-18
1.69897e-18
1.69897e-18
1.69897e-18
1.69897e-18
1.69897e-18
1.69897e-18
1.69897e-18
1.69897e-18
1.69897e-18
1.69897e-18
1.69897e-18
1.69897e-18
1.69897e-18
1.69897e-18
1.69897e-18
1.69897e-18
1.69897e-18
1.69897e-18
1.69897e-18
1.69897e-18
1.69897e-18
1.69897e-18
1.69897e-18
1.69897e-18
1.69897e-18
1.69897e-18
1.69897e-18
1.69897e-18
1.69897e-18
1.69897e-18
1.69897e-18
1.69897e-18
1.69897e-18
1.69897e-18
1.69897e-18
1.69897e-18
1.69897e-18
1.69897e-18
1.69897e-18
1.69897e-18
1.69897e-18
1.69897e-18
1.69897e-18
1.69897e-18
1.69897e-18
1.69897e-18
1.69897e-18
1.69897e-18
1.69897e-18
1.69897e-18
1.69897e-18
1.69897e-18
1.69897e-18
1.69897e-18
1.69897e-18
1.69897e-18
1.69897e-18
1.69897e-18
1.69897e-18
1.69897e-18
1.69897e-18
1.69897e-18
1.69897e-18
1.69897e-18
1.69897e-18
1.69897e-18
1.69897e-18
1.69897e-18
1.69897e-18
1.69897e-18
1.69897e-18
1.69897e-18
1.69897e-18
1.69897e-18
1.69897e-18
1.69897e-18
1.69897e-18
1.69897e-18
1.69897e-18
1.69897e-18
1.69897e-18
1.69897e-18
1.69897e-18
1.69897e-18
1.69897e-18
1.69897e-18
1.69897e-18
1.69897e-18
1.69897e-18
1.69897e-18
1.48555e-18
1.05703e-18
1.05703e-18
1.05703e-18
1.49051e-18
2.79582e-18
1.92241e-18
1.92241e-18
2.36227e-18
2.80369e-18
3.24665e-18
3.69113e-18
4.13712e-18
4.5846e-18
5.03356e-18
5.48397e-18
5.93582e-18
6.3891e-18
6.84378e-18
7.29987e-18
7.75733e-18
8.21615e-18
8.67631e-18
9.13781e-18
9.60063e-18
1.00647e-17
1.05301e-17
1.09968e-17
1.14647e-17
1.19339e-17
1.24042e-17
1.28758e-17
1.33486e-17
1.38225e-17
1.42976e-17
1.38214e-17
1.19119e-17
1.43043e-17
1.52635e-17
1.52635e-17
1.52635e-17
1.52635e-17
1.52635e-17
1.52635e-17
1.52635e-17
1.52635e-17
1.52635e-17
1.52635e-17
1.52635e-17
1.52635e-17
1.52635e-17
1.52635e-17
1.52635e-17
1.52635e-17
1.52635e-17
1.52635e-17
1.52635e-17
1.52635e-17
1.52635e-17
1.52635e-17
1.52635e-17
1.52635e-17
1.52635e-17
1.52635e-17
1.52635e-17
1.52635e-17
1.52635e-17
1.42533e-17
1.223e-17
1.42559e-17
1.52701e-17
1.52701e-17
1.52701e-17
1.52701e-17
1.52701e-17
1.52701e-17
1.52701e-17
1.52701e-17
1.52701e-17
1.52701e-17
1.52701e-17
1.52701e-17
1.52701e-17
1.52701e-17
1.52701e-17
1.52701e-17
1.52701e-17
1.52701e-17
1.52701e-17
1.52701e-17
1.52701e-17
1.52701e-17
1.52701e-17
1.52701e-17
1.52701e-17
1.52701e-17
1.52701e-17
1.52701e-17
1.52701e-17
1.52701e-17
1.52701e-17
1.52701e-17
1.52701e-17
1.52701e-17
1.52701e-17
1.52701e-17
1.52701e-17
1.52701e-17
1.52701e-17
1.52701e-17
1.52701e-17
1.52701e-17
1.52701e-17
1.52701e-17
1.52701e-17
1.52701e-17
1.52701e-17
1.52701e-17
1.52701e-17
1.52701e-17
1.52701e-17
1.52701e-17
1.52701e-17
1.52701e-17
1.52701e-17
1.52701e-17
1.52701e-17
1.52701e-17
1.52701e-17
1.52701e-17
1.52701e-17
1.52701e-17
1.52701e-17
1.52701e-17
1.52701e-17
1.52701e-17
1.52701e-17
1.52701e-17
1.52701e-17
1.52701e-17
1.52701e-17
1.52701e-17
1.52701e-17
1.52701e-17
1.52701e-17
1.52701e-17
1.52701e-17
1.52701e-17
1.52701e-17
1.52701e-17
1.52701e-17
1.52701e-17
1.52701e-17
1.52701e-17
1.52701e-17
1.52701e-17
1.52701e-17
1.52701e-17
1.52701e-17
1.52701e-17
1.52701e-17
1.52701e-17
1.52701e-17
1.52701e-17
1.52701e-17
1.52701e-17
1.52701e-17
1.52701e-17
1.52701e-17
1.52701e-17
1.52701e-17
1.52701e-17
1.52701e-17
1.52701e-17
1.52701e-17
1.52701e-17
1.52701e-17
1.52701e-17
1.52701e-17
1.52701e-17
1.52701e-17
1.52701e-17
1.52701e-17
1.52701e-17
1.52701e-17
1.52701e-17
1.52701e-17
1.52701e-17
1.52701e-17
1.52701e-17
1.52701e-17
1.52701e-17
1.52701e-17
1.52701e-17
1.52701e-17
1.52701e-17
1.52701e-17
1.52701e-17
1.52701e-17
1.52701e-17
1.52701e-17
1.52701e-17
1.52701e-17
1.52701e-17
1.52701e-17
1.52701e-17
1.52701e-17
1.52701e-17
1.52701e-17
1.52701e-17
1.52701e-17
1.52701e-17
1.52701e-17
1.52701e-17
1.52701e-17
1.52701e-17
1.52701e-17
1.52701e-17
1.52701e-17
1.52701e-17
1.52701e-17
1.52701e-17
1.52701e-17
1.52701e-17
1.52701e-17
1.52701e-17
1.52701e-17
1.52701e-17
1.52701e-17
1.52701e-17
1.52701e-17
1.52701e-17
1.52701e-17
1.52701e-17
1.52701e-17
1.52701e-17
1.52701e-17
1.52701e-17
1.52701e-17
1.52701e-17
1.52701e-17
1.52701e-17
1.52701e-17
1.52701e-17
1.52701e-17
1.52701e-17
1.52701e-17
1.52701e-17
1.52701e-17
1.52701e-17
1.52701e-17
1.52701e-17
1.52701e-17
1.52701e-17
1.52701e-17
1.52701e-17
1.52701e-17
1.52701e-17
1.52701e-17
1.52701e-17
1.52701e-17
1.52701e-17
1.52701e-17
1.52701e-17
1.52701e-17
1.52701e-17
1.52701e-17
1.52701e-17
1.52701e-17
1.52701e-17
1.52701e-17
1.52701e-17
1.52701e-17
1.52701e-17
1.52701e-17
1.52701e-17
1.52701e-17
1.52701e-17
1.52701e-17
1.52701e-17
1.52701e-17
1.52701e-17
1.52701e-17
1.52701e-17
1.52701e-17
1.52701e-17
1.52701e-17
1.52701e-17
1.52701e-17
1.52701e-17
1.52701e-17
1.52701e-17
1.52701e-17
1.52701e-17
1.52701e-17
1.52701e-17
1.52701e-17
1.52701e-17
1.52701e-17
1.52701e-17
1.52701e-17
1.52701e-17
1.52701e-17
1.52701e-17
1.52701e-17
1.52701e-17
1.52701e-17
1.52701e-17
1.52701e-17
1.52701e-17
1.52701e-17
1.52701e-17
1.52701e-17
1.52701e-17
1.52701e-17
1.52701e-17
1.52701e-17
1.52701e-17
1.52701e-17
1.52701e-17
1.52701e-17
1.52701e-17
1.52701e-17
1.52701e-17
1.52701e-17
1.52701e-17
1.52701e-17
1.52701e-17
1.52701e-17
1.52701e-17
1.52701e-17
1.52701e-17
1.52701e-17
1.52701e-17
1.52701e-17
1.52701e-17
1.52701e-17
1.52701e-17
1.52701e-17
1.52701e-17
1.52701e-17
1.52701e-17
1.52701e-17
1.52701e-17
1.52701e-17
1.52701e-17
1.52701e-17
1.52701e-17
1.52701e-17
1.52701e-17
1.52701e-17
1.52701e-17
1.52701e-17
1.52701e-17
1.52701e-17
1.52701e-17
1.52701e-17
1.52701e-17
1.52701e-17
1.52701e-17
1.52701e-17
1.52701e-17
1.52701e-17
1.52701e-17
1.52701e-17
1.52701e-17
1.52701e-17
1.52701e-17
1.52701e-17
1.52701e-17
1.52701e-17
1.52701e-17
1.52701e-17
1.52701e-17
1.52701e-17
1.52701e-17
1.52701e-17
1.52701e-17
1.52701e-17
1.52701e-17
1.52701e-17
1.52701e-17
1.52701e-17
1.52701e-17
1.52701e-17
1.52701e-17
1.52701e-17
1.52701e-17
1.52701e-17
1.52701e-17
1.52701e-17
1.52701e-17
1.52701e-17
1.52701e-17
1.52701e-17
1.52701e-17
1.52701e-17
1.52701e-17
1.52701e-17
1.52701e-17
1.52701e-17
1.52701e-17
1.52701e-17
1.52701e-17
1.52701e-17
1.52701e-17
1.52701e-17
1.52701e-17
1.52701e-17
1.52701e-17
1.52701e-17
1.52701e-17
1.52701e-17
1.52701e-17
1.52701e-17
1.52701e-17
1.52701e-17
1.52701e-17
1.52701e-17
1.52701e-17
1.52701e-17
1.52701e-17
1.52701e-17
1.52701e-17
1.52701e-17
1.52701e-17
1.52701e-17
1.52701e-17
1.52701e-17
1.52701e-17
1.52701e-17
1.52701e-17
1.52701e-17
1.52701e-17
1.52701e-17
1.52701e-17
1.52701e-17
1.52701e-17
1.52701e-17
1.52701e-17
1.52701e-17
1.52701e-17
1.52701e-17
1.52701e-17
1.52701e-17
1.52701e-17
1.52701e-17
1.52701e-17
1.52701e-17
1.52701e-17
1.52701e-17
1.52701e-17
1.52701e-17
1.52701e-17
1.52701e-17
1.52701e-17
1.52701e-17
1.52701e-17
1.52701e-17
1.52701e-17
1.52701e-17
1.52701e-17
1.52701e-17
1.52701e-17
1.52701e-17
1.52701e-17
1.52701e-17
1.52701e-17
1.52701e-17
1.52701e-17
1.52701e-17
1.52701e-17
1.52701e-17
1.52701e-17
1.52701e-17
1.52701e-17
1.52701e-17
1.52701e-17
1.52701e-17
1.52701e-17
1.52701e-17
1.52701e-17
1.52701e-17
1.52701e-17
1.52701e-17
1.52701e-17
1.52701e-17
1.52701e-17
1.52701e-17
1.52701e-17
1.52701e-17
1.52701e-17
1.52701e-17
1.52701e-17
1.52701e-17
1.52701e-17
1.52701e-17
1.52701e-17
1.52701e-17
1.52701e-17
1.52701e-17
1.52701e-17
1.52701e-17
1.52701e-17
1.52701e-17
1.52701e-17
1.52701e-17
1.52701e-17
1.52701e-17
1.52701e-17
1.52701e-17
1.52701e-17
1.52701e-17
1.52701e-17
1.52701e-17
1.52701e-17
1.52701e-17
1.52701e-17
1.52701e-17
1.52701e-17
1.52701e-17
1.52701e-17
1.52701e-17
1.52701e-17
1.52701e-17
1.52701e-17
1.52701e-17
1.52701e-17
1.52701e-17
1.52701e-17
1.52701e-17
1.52701e-17
1.52701e-17
1.52701e-17
1.52701e-17
1.52701e-17
1.52701e-17
1.52701e-17
1.52701e-17
1.52701e-17
1.52701e-17
1.52701e-17
1.52701e-17
1.52701e-17
1.52701e-17
1.52701e-17
1.52701e-17
1.52701e-17
1.52701e-17
1.52701e-17
1.52701e-17
1.52701e-17
1.52701e-17
1.52701e-17
1.52701e-17
1.52701e-17
1.52701e-17
1.52701e-17
1.52701e-17
1.52701e-17
1.52701e-17
1.52701e-17
1.52701e-17
1.52701e-17
1.52701e-17
1.52701e-17
1.52701e-17
1.52701e-17
1.52701e-17
1.52701e-17
1.52701e-17
1.52701e-17
1.52701e-17
1.52701e-17
1.52701e-17
1.52701e-17
1.52701e-17
1.52701e-17
1.52701e-17
1.52701e-17
1.52701e-17
1.52701e-17
1.52701e-17
1.52701e-17
1.52701e-17
1.52701e-17
1.52701e-17
1.52701e-17
1.52701e-17
1.52701e-17
1.52701e-17
1.52701e-17
1.52701e-17
1.52701e-17
1.52701e-17
1.52701e-17
1.52701e-17
1.52701e-17
1.52701e-17
1.52701e-17
1.52701e-17
1.52701e-17
1.52701e-17
1.52701e-17
1.52701e-17
1.52701e-17
1.52701e-17
1.52701e-17
1.52701e-17
1.52701e-17
1.52701e-17
1.52701e-17
1.52701e-17
1.52701e-17
1.52701e-17
1.52701e-17
1.52701e-17
1.52701e-17
1.52701e-17
1.52701e-17
1.52701e-17
1.52701e-17
1.52701e-17
1.52701e-17
1.52701e-17
1.52701e-17
1.52701e-17
1.52701e-17
1.52701e-17
1.52701e-17
1.52701e-17
1.52701e-17
1.52701e-17
1.52701e-17
1.52701e-17
1.52701e-17
1.52701e-17
1.52701e-17
1.52701e-17
1.52701e-17
1.52701e-17
1.52701e-17
1.52701e-17
1.52701e-17
1.52701e-17
1.52701e-17
1.52701e-17
1.52701e-17
1.52701e-17
1.52701e-17
1.52701e-17
1.52701e-17
1.52701e-17
1.52701e-17
1.52701e-17
1.52701e-17
1.52701e-17
1.52701e-17
1.52701e-17
1.52701e-17
1.52701e-17
1.52701e-17
1.52701e-17
1.52701e-17
1.52701e-17
1.52701e-17
1.52701e-17
1.52701e-17
1.52701e-17
1.52701e-17
1.52701e-17
1.52701e-17
1.52701e-17
1.52701e-17
1.52701e-17
1.52701e-17
1.52701e-17
1.52701e-17
1.52701e-17
1.52701e-17
1.52701e-17
1.52701e-17
1.52701e-17
1.52701e-17
1.52701e-17
1.52701e-17
1.52701e-17
1.52701e-17
1.52701e-17
1.52701e-17
1.52701e-17
1.52701e-17
1.52701e-17
1.52701e-17
1.52701e-17
1.52701e-17
1.52701e-17
1.52701e-17
1.52701e-17
1.52701e-17
1.52701e-17
1.52701e-17
1.52701e-17
1.52701e-17
1.52701e-17
1.52701e-17
1.52701e-17
1.52701e-17
1.52701e-17
1.52701e-17
1.52701e-17
1.52701e-17
1.52701e-17
1.52701e-17
1.52701e-17
1.52701e-17
1.52701e-17
1.52701e-17
1.52701e-17
1.52701e-17
1.52701e-17
1.52701e-17
1.52701e-17
1.52701e-17
1.52701e-17
1.52701e-17
1.52701e-17
1.52701e-17
1.52701e-17
1.52701e-17
1.52701e-17
1.52701e-17
1.52701e-17
1.52701e-17
1.52701e-17
1.52701e-17
1.52701e-17
1.52701e-17
1.52701e-17
1.52701e-17
1.52701e-17
1.52701e-17
1.52701e-17
1.52701e-17
1.52701e-17
1.52701e-17
1.52701e-17
1.52701e-17
1.52701e-17
1.52701e-17
1.52701e-17
1.52701e-17
1.52701e-17
1.52701e-17
1.52701e-17
1.52701e-17
1.52701e-17
1.52701e-17
1.52701e-17
1.52701e-17
1.52701e-17
1.52701e-17
1.52701e-17
1.52701e-17
1.52701e-17
1.52701e-17
1.52701e-17
1.52701e-17
1.52701e-17
1.52701e-17
1.52701e-17
1.52701e-17
1.52701e-17
1.52701e-17
1.52701e-17
1.52701e-17
1.52701e-17
1.52701e-17
1.52701e-17
1.52701e-17
1.52701e-17
1.52701e-17
1.52701e-17
1.52701e-17
1.52701e-17
1.52701e-17
1.52701e-17
1.52701e-17
1.52701e-17
1.52701e-17
1.52701e-17
1.52701e-17
1.52701e-17
1.52701e-17
1.52701e-17
1.52701e-17
1.52701e-17
1.52701e-17
1.52701e-17
1.52701e-17
1.52701e-17
1.52701e-17
1.52701e-17
1.52701e-17
1.52701e-17
1.52701e-17
1.52701e-17
1.52701e-17
1.52701e-17
1.52701e-17
1.52701e-17
1.52701e-17
1.52701e-17
1.52701e-17
1.52701e-17
1.52701e-17
1.52701e-17
1.52701e-17
1.52701e-17
1.52701e-17
1.52701e-17
1.52701e-17
1.52701e-17
1.52701e-17
1.52701e-17
1.52701e-17
1.52701e-17
1.52701e-17
1.52701e-17
1.52701e-17
1.52701e-17
1.52701e-17
1.52701e-17
1.52701e-17
1.52701e-17
1.52701e-17
1.52701e-17
1.52701e-17
1.52701e-17
1.52701e-17
1.52701e-17
1.52701e-17
1.52701e-17
1.52701e-17
1.52701e-17
1.52701e-17
1.52701e-17
1.52701e-17
1.52701e-17
1.52701e-17
1.52701e-17
1.52701e-17
1.52701e-17
1.52701e-17
1.52701e-17
1.52701e-17
1.52701e-17
1.52701e-17
1.52701e-17
1.52701e-17
1.52701e-17
1.52701e-17
1.52701e-17
1.52701e-17
1.52701e-17
)
;

boundaryField
{
    top_wall
    {
        type            zeroGradient;
    }
    inlet
    {
        type            cyclic;
    }
    bot_wall
    {
        type            zeroGradient;
    }
    outlet
    {
        type            cyclic;
    }
    frontAndBack
    {
        type            empty;
    }
}


// ************************************************************************* //
