/*--------------------------------*- C++ -*----------------------------------*\
| =========                 |                                                 |
| \\      /  F ield         | OpenFOAM: The Open Source CFD Toolbox           |
|  \\    /   O peration     | Version:  2406                                  |
|   \\  /    A nd           | Website:  www.openfoam.com                      |
|    \\/     M anipulation  |                                                 |
\*---------------------------------------------------------------------------*/
FoamFile
{
    version     2.0;
    format      ascii;
    arch        "LSB;label=32;scalar=64";
    class       volScalarField;
    location    "20.77";
    object      p;
}
// * * * * * * * * * * * * * * * * * * * * * * * * * * * * * * * * * * * * * //

dimensions      [0 2 -2 0 0 0 0];

internalField   nonuniform List<scalar> 
1000
(
1.09399e-18
6.19745e-18
7.37956e-18
7.27569e-18
7.20745e-18
7.26394e-18
7.36186e-18
7.5983e-18
7.99151e-18
7.6957e-18
7.46792e-18
7.59787e-18
7.54899e-18
7.49436e-18
7.07088e-18
7.46962e-18
7.68692e-18
7.76529e-18
7.68102e-18
7.59086e-18
7.49477e-18
7.49477e-18
7.71069e-18
7.9385e-18
7.9385e-18
7.9385e-18
7.9385e-18
7.80081e-18
7.36996e-18
7.36996e-18
7.36996e-18
7.36996e-18
7.36996e-18
7.36996e-18
7.36996e-18
7.36996e-18
7.36996e-18
7.36996e-18
7.36996e-18
7.36996e-18
7.36996e-18
7.36996e-18
7.36996e-18
7.36996e-18
7.36996e-18
7.36996e-18
7.36996e-18
7.36996e-18
7.36996e-18
7.36996e-18
7.36996e-18
7.36996e-18
7.36996e-18
7.36996e-18
7.36996e-18
7.36997e-18
7.36997e-18
7.36997e-18
7.36997e-18
7.36997e-18
7.36997e-18
7.36997e-18
7.36997e-18
7.36997e-18
7.36997e-18
7.36997e-18
7.36997e-18
7.36997e-18
7.36997e-18
7.36997e-18
7.36997e-18
7.36997e-18
7.36997e-18
7.36997e-18
7.36997e-18
7.36997e-18
7.36997e-18
7.36997e-18
7.36997e-18
7.36997e-18
7.36998e-18
7.36998e-18
7.36998e-18
7.36998e-18
7.36998e-18
7.36998e-18
7.36998e-18
7.36998e-18
7.36998e-18
7.36998e-18
7.36998e-18
7.36998e-18
7.36998e-18
7.36998e-18
7.36998e-18
7.36998e-18
7.36998e-18
7.36998e-18
7.36998e-18
7.36999e-18
7.36999e-18
7.36999e-18
7.36999e-18
7.36999e-18
7.36999e-18
7.36999e-18
7.36999e-18
7.36999e-18
7.36999e-18
7.36999e-18
7.36999e-18
7.36999e-18
7.36999e-18
7.36999e-18
7.36999e-18
7.36999e-18
7.37e-18
7.37e-18
7.37e-18
7.37e-18
7.37e-18
7.37e-18
7.37e-18
7.37e-18
7.37e-18
7.37e-18
7.37e-18
7.37e-18
7.37e-18
7.37e-18
7.37e-18
7.37e-18
7.37001e-18
7.37001e-18
7.37001e-18
7.37001e-18
7.37001e-18
7.37001e-18
7.37001e-18
8.70798e-18
1.27411e-17
7.33833e-18
4.62444e-18
4.62444e-18
4.62444e-18
4.62444e-18
4.62444e-18
4.62444e-18
4.62444e-18
4.62445e-18
4.62445e-18
4.62445e-18
4.62445e-18
4.62445e-18
4.62445e-18
4.62445e-18
4.62445e-18
4.62445e-18
4.62445e-18
4.62445e-18
4.62445e-18
4.62445e-18
4.62445e-18
4.62446e-18
4.62446e-18
4.62446e-18
4.62446e-18
4.62446e-18
4.62446e-18
4.62446e-18
1.02886e-19
-8.96707e-18
1.6454e-18
7.72705e-18
9.25174e-18
1.07807e-17
1.23137e-17
1.38509e-17
1.53921e-17
1.69373e-17
1.84864e-17
2.00394e-17
2.15962e-17
2.31567e-17
2.47208e-17
2.62886e-17
2.78599e-17
2.94347e-17
3.10123e-17
3.25914e-17
3.41704e-17
3.5748e-17
3.73234e-17
3.88964e-17
4.04669e-17
4.20352e-17
4.36015e-17
4.51662e-17
4.67296e-17
4.8292e-17
4.98538e-17
5.14152e-17
4.98539e-17
4.51696e-17
5.29781e-17
5.61023e-17
5.61023e-17
5.61023e-17
5.61023e-17
5.61023e-17
5.61023e-17
5.61023e-17
5.61023e-17
5.61023e-17
5.61023e-17
5.61023e-17
5.61023e-17
5.61023e-17
5.61023e-17
5.61023e-17
5.61023e-17
5.61023e-17
5.61023e-17
5.61023e-17
5.61023e-17
5.61023e-17
5.61023e-17
5.61023e-17
5.61023e-17
5.61023e-17
5.61023e-17
5.61023e-17
5.61023e-17
5.61023e-17
5.61023e-17
5.61023e-17
5.61023e-17
5.61023e-17
5.61023e-17
5.61023e-17
5.61023e-17
5.61023e-17
5.61023e-17
5.61023e-17
5.61023e-17
5.61023e-17
5.61023e-17
5.61023e-17
5.61023e-17
5.61023e-17
5.61023e-17
5.61023e-17
5.61023e-17
5.61023e-17
5.61023e-17
5.61023e-17
5.61023e-17
5.61023e-17
5.61023e-17
5.61023e-17
5.61023e-17
5.61023e-17
5.61023e-17
5.61023e-17
5.61023e-17
5.61023e-17
5.61023e-17
5.61023e-17
5.61023e-17
5.61023e-17
5.61023e-17
5.61023e-17
5.61023e-17
5.61023e-17
5.61023e-17
5.61023e-17
5.61023e-17
5.61023e-17
5.61024e-17
5.61024e-17
5.61024e-17
5.61024e-17
5.61024e-17
5.61024e-17
5.61024e-17
5.61024e-17
5.61024e-17
5.61024e-17
5.61024e-17
5.61024e-17
5.61024e-17
5.61024e-17
5.61024e-17
5.61024e-17
5.61024e-17
5.61024e-17
5.61024e-17
5.61024e-17
5.61024e-17
5.61024e-17
5.61024e-17
5.61024e-17
5.61024e-17
5.61024e-17
5.61024e-17
5.61024e-17
5.61024e-17
5.61024e-17
5.61024e-17
5.61024e-17
5.61024e-17
5.61024e-17
5.61024e-17
5.61024e-17
5.61024e-17
5.61024e-17
5.61024e-17
5.61024e-17
5.61024e-17
5.61024e-17
5.61024e-17
5.61024e-17
5.61024e-17
5.61024e-17
5.61024e-17
5.61024e-17
5.61024e-17
5.61024e-17
5.61024e-17
5.61024e-17
5.61024e-17
5.61024e-17
5.61024e-17
5.61024e-17
5.61024e-17
5.61024e-17
5.61024e-17
5.61024e-17
5.61024e-17
5.61024e-17
5.61024e-17
5.61024e-17
5.61024e-17
5.61024e-17
5.61024e-17
5.61024e-17
5.61024e-17
5.61024e-17
5.61024e-17
5.61024e-17
5.61024e-17
5.61024e-17
5.61024e-17
5.61024e-17
5.61024e-17
5.61024e-17
5.61024e-17
5.61024e-17
5.61024e-17
5.61024e-17
5.61024e-17
5.61024e-17
5.61024e-17
5.61024e-17
5.61024e-17
5.61024e-17
5.61024e-17
5.61024e-17
5.61024e-17
5.61024e-17
5.61024e-17
5.61024e-17
5.61024e-17
5.61024e-17
5.61024e-17
5.61024e-17
5.61024e-17
5.61024e-17
5.61024e-17
5.61024e-17
5.61024e-17
5.61024e-17
5.61024e-17
5.61024e-17
5.61024e-17
5.61024e-17
5.61024e-17
5.61024e-17
5.61024e-17
5.61024e-17
5.61024e-17
5.61024e-17
5.61024e-17
5.61024e-17
5.61024e-17
5.61024e-17
5.61024e-17
5.61024e-17
5.61024e-17
5.61024e-17
5.61024e-17
5.61024e-17
5.61024e-17
5.61024e-17
5.61024e-17
5.61024e-17
5.61024e-17
5.61024e-17
5.61024e-17
5.61024e-17
5.61024e-17
5.61024e-17
5.61024e-17
5.61024e-17
5.61024e-17
5.61024e-17
5.61024e-17
5.61024e-17
5.61024e-17
5.61024e-17
5.61024e-17
5.61024e-17
5.61024e-17
5.61024e-17
5.61024e-17
5.61024e-17
5.61024e-17
5.61024e-17
5.61024e-17
5.61024e-17
5.61024e-17
5.61024e-17
5.61024e-17
5.61024e-17
5.61024e-17
5.61024e-17
5.61024e-17
5.61024e-17
5.61024e-17
5.61024e-17
5.61024e-17
5.61024e-17
5.61024e-17
5.61024e-17
5.61024e-17
5.61024e-17
5.61024e-17
5.61024e-17
5.61024e-17
5.61024e-17
5.61024e-17
5.61024e-17
5.61024e-17
5.61024e-17
5.61024e-17
5.61024e-17
5.61024e-17
5.61024e-17
5.61024e-17
5.61024e-17
5.61024e-17
5.61024e-17
5.61024e-17
5.61024e-17
5.61024e-17
5.61024e-17
5.61024e-17
5.61024e-17
5.61024e-17
5.61024e-17
5.61024e-17
5.61024e-17
5.61024e-17
5.61024e-17
5.61024e-17
5.61024e-17
5.61024e-17
5.61024e-17
5.61024e-17
5.61024e-17
5.61024e-17
5.61024e-17
5.61024e-17
5.61024e-17
5.61024e-17
5.61024e-17
5.61024e-17
5.61024e-17
5.61024e-17
5.61024e-17
5.61024e-17
5.61024e-17
5.61024e-17
5.61024e-17
5.61024e-17
5.61024e-17
5.61024e-17
5.61024e-17
5.61024e-17
5.61024e-17
5.61024e-17
5.61024e-17
5.61024e-17
5.61024e-17
5.61024e-17
5.61024e-17
5.61024e-17
5.61024e-17
5.61024e-17
5.61024e-17
5.61024e-17
5.61024e-17
5.61024e-17
5.61024e-17
5.61024e-17
5.61024e-17
5.61024e-17
5.61024e-17
5.61024e-17
5.61024e-17
5.61024e-17
5.61024e-17
5.61025e-17
5.61025e-17
5.61025e-17
5.61025e-17
5.61025e-17
5.61025e-17
5.61025e-17
5.61025e-17
5.61025e-17
5.61025e-17
5.61025e-17
5.61025e-17
5.61025e-17
5.61025e-17
5.61025e-17
5.61025e-17
5.61025e-17
5.61025e-17
5.61025e-17
5.61025e-17
5.61025e-17
5.61025e-17
5.61025e-17
5.61025e-17
5.61025e-17
5.61025e-17
5.61025e-17
5.61025e-17
5.61025e-17
5.61025e-17
5.61025e-17
5.61025e-17
5.61025e-17
5.61025e-17
5.61025e-17
5.61025e-17
5.61025e-17
5.61025e-17
5.61025e-17
5.61025e-17
5.61025e-17
5.61025e-17
5.61025e-17
5.61025e-17
5.61025e-17
5.61025e-17
5.61025e-17
5.61025e-17
5.61025e-17
5.61025e-17
5.61025e-17
5.61025e-17
5.61025e-17
5.61025e-17
5.61025e-17
5.61025e-17
5.61025e-17
5.61025e-17
5.61025e-17
5.61025e-17
5.61025e-17
5.61025e-17
5.61025e-17
5.61025e-17
5.61025e-17
5.61025e-17
5.61025e-17
5.61025e-17
5.61025e-17
5.61025e-17
5.61025e-17
5.61025e-17
5.61025e-17
5.61025e-17
5.61025e-17
5.61025e-17
5.61025e-17
5.61025e-17
5.61025e-17
5.61025e-17
5.61025e-17
5.61025e-17
5.61025e-17
5.61025e-17
5.61025e-17
5.61025e-17
5.61025e-17
5.61025e-17
5.61025e-17
5.61025e-17
5.61025e-17
5.61025e-17
5.61025e-17
5.61025e-17
5.61025e-17
5.61025e-17
5.61025e-17
5.61025e-17
5.61025e-17
5.61025e-17
5.61025e-17
5.61025e-17
5.61025e-17
5.61025e-17
5.61025e-17
5.61025e-17
5.61025e-17
5.61025e-17
5.61025e-17
5.61025e-17
5.61025e-17
5.61025e-17
5.61025e-17
5.61025e-17
5.61025e-17
5.61025e-17
5.61025e-17
5.61025e-17
5.61025e-17
5.61025e-17
5.61025e-17
5.61025e-17
5.61025e-17
5.61025e-17
5.61025e-17
5.61025e-17
5.61025e-17
5.61025e-17
5.61025e-17
5.61025e-17
5.61025e-17
5.61025e-17
5.61025e-17
5.61025e-17
5.61025e-17
5.61025e-17
5.61025e-17
5.61025e-17
5.61025e-17
5.61025e-17
5.61025e-17
5.61025e-17
5.61025e-17
5.61025e-17
5.61025e-17
5.61025e-17
5.61025e-17
5.61025e-17
5.61025e-17
5.61025e-17
5.61025e-17
5.61025e-17
5.61025e-17
5.61025e-17
5.61025e-17
5.61025e-17
5.61025e-17
5.61025e-17
5.61025e-17
5.61025e-17
5.61025e-17
5.61025e-17
5.61025e-17
5.61025e-17
5.61025e-17
5.61025e-17
5.61025e-17
5.61025e-17
5.61025e-17
5.61025e-17
5.61025e-17
5.61025e-17
5.61025e-17
5.61025e-17
5.61025e-17
5.61025e-17
5.61025e-17
5.61025e-17
5.61025e-17
5.61025e-17
5.61025e-17
5.61025e-17
5.61025e-17
5.61025e-17
5.61025e-17
5.61025e-17
5.61025e-17
5.61025e-17
5.61025e-17
5.61025e-17
5.61025e-17
5.61025e-17
5.61025e-17
5.61025e-17
5.61025e-17
5.61025e-17
5.61025e-17
5.61025e-17
5.61025e-17
5.61025e-17
5.61025e-17
5.61025e-17
5.61025e-17
5.61025e-17
5.61025e-17
5.61025e-17
5.61025e-17
5.61025e-17
5.61025e-17
5.61025e-17
5.61025e-17
5.61025e-17
5.61025e-17
5.61025e-17
5.61025e-17
5.61025e-17
5.61025e-17
5.61025e-17
5.61025e-17
5.61025e-17
5.61025e-17
5.61025e-17
5.61025e-17
5.61025e-17
5.61025e-17
5.61025e-17
5.61025e-17
5.61025e-17
5.61025e-17
5.61025e-17
5.61025e-17
5.61025e-17
5.61025e-17
5.61025e-17
5.61025e-17
5.61025e-17
5.61025e-17
5.61025e-17
5.61025e-17
5.61025e-17
5.61025e-17
5.61025e-17
5.61025e-17
5.61025e-17
5.61025e-17
5.61025e-17
5.61025e-17
5.61025e-17
5.61025e-17
5.61025e-17
5.61025e-17
5.61025e-17
5.61025e-17
5.61025e-17
5.61025e-17
5.61025e-17
5.61025e-17
5.61025e-17
5.61025e-17
5.61025e-17
5.61025e-17
5.61025e-17
5.61025e-17
5.61025e-17
5.61025e-17
5.61025e-17
5.61025e-17
5.61025e-17
5.61025e-17
5.61025e-17
5.61025e-17
5.61025e-17
5.61025e-17
5.61025e-17
5.61025e-17
5.61025e-17
5.61025e-17
5.61025e-17
5.61025e-17
5.61025e-17
5.61025e-17
5.61025e-17
5.61025e-17
5.61025e-17
5.61025e-17
5.61025e-17
5.61025e-17
5.61025e-17
5.61025e-17
5.61025e-17
5.61025e-17
5.61025e-17
5.61025e-17
5.61025e-17
5.61025e-17
5.61025e-17
5.61025e-17
5.61025e-17
5.61025e-17
5.61025e-17
5.61025e-17
5.61025e-17
5.61025e-17
5.61025e-17
5.61025e-17
5.61025e-17
5.61025e-17
5.61025e-17
5.61025e-17
5.61025e-17
5.61025e-17
5.61025e-17
5.61025e-17
5.61025e-17
5.61025e-17
5.61025e-17
5.61025e-17
5.61025e-17
5.61025e-17
5.61025e-17
5.61025e-17
5.61025e-17
5.61025e-17
5.61025e-17
5.61025e-17
5.61025e-17
5.61025e-17
5.61025e-17
5.61025e-17
5.61025e-17
5.61025e-17
5.61025e-17
5.61025e-17
5.61025e-17
5.61025e-17
5.61025e-17
5.61025e-17
5.61025e-17
5.61025e-17
5.61025e-17
5.61025e-17
5.61025e-17
5.61025e-17
5.61025e-17
5.61025e-17
5.61025e-17
5.61025e-17
5.61025e-17
5.61025e-17
5.61025e-17
5.61025e-17
5.61025e-17
5.61025e-17
5.61025e-17
5.61025e-17
5.61025e-17
5.61025e-17
5.61025e-17
5.61025e-17
5.61025e-17
5.61025e-17
5.61025e-17
5.61025e-17
5.61025e-17
5.61025e-17
5.61025e-17
5.61025e-17
5.61025e-17
5.61025e-17
5.61025e-17
5.61025e-17
5.61025e-17
5.61025e-17
5.61025e-17
5.61025e-17
5.61025e-17
5.61025e-17
5.61025e-17
5.61025e-17
5.61025e-17
5.61025e-17
5.61025e-17
5.61025e-17
5.61025e-17
5.61025e-17
5.61025e-17
5.61025e-17
5.61025e-17
5.61025e-17
5.61025e-17
5.61025e-17
5.61025e-17
5.61025e-17
5.61025e-17
5.61025e-17
5.61025e-17
5.61025e-17
5.61025e-17
5.61025e-17
5.61025e-17
5.61025e-17
5.61025e-17
5.61025e-17
5.61025e-17
5.61025e-17
5.61025e-17
5.61025e-17
5.61025e-17
5.61025e-17
5.61025e-17
5.61025e-17
5.61025e-17
5.61025e-17
5.61025e-17
5.61025e-17
5.61025e-17
5.61025e-17
5.61025e-17
5.61025e-17
5.61025e-17
5.61025e-17
5.61025e-17
5.61025e-17
5.61025e-17
5.61025e-17
5.61025e-17
5.61025e-17
5.61025e-17
5.61025e-17
5.61025e-17
5.61025e-17
5.61025e-17
5.61025e-17
5.61025e-17
5.61025e-17
5.61025e-17
5.61025e-17
5.61025e-17
5.61025e-17
5.61025e-17
5.61025e-17
5.61025e-17
5.61025e-17
5.61025e-17
5.61025e-17
5.61025e-17
5.61025e-17
5.61025e-17
5.61025e-17
5.61025e-17
5.61025e-17
5.61025e-17
5.61025e-17
5.61025e-17
5.61025e-17
5.61025e-17
5.61025e-17
5.61025e-17
5.61025e-17
5.61025e-17
5.61025e-17
5.61025e-17
5.61025e-17
5.61025e-17
5.61025e-17
5.61025e-17
5.61025e-17
5.61025e-17
5.61025e-17
5.61025e-17
5.61025e-17
5.61025e-17
5.61025e-17
5.61025e-17
5.61025e-17
5.61025e-17
5.61025e-17
5.61025e-17
)
;

boundaryField
{
    top_wall
    {
        type            zeroGradient;
    }
    inlet
    {
        type            cyclic;
    }
    bot_wall
    {
        type            zeroGradient;
    }
    outlet
    {
        type            cyclic;
    }
    frontAndBack
    {
        type            empty;
    }
}


// ************************************************************************* //
