0.0003003 	0.0681916 	-2.6276e-18 	0
0.000900901 	0.204392 	-5.47453e-18 	0
0.0015015 	0.3405 	-7.11869e-18 	0
0.0021021 	0.476213 	-7.50725e-18 	0
0.0027027 	0.611521 	-7.63733e-18 	0
0.0033033 	0.746035 	-7.26002e-18 	0
0.0039039 	0.878075 	-7.07963e-18 	0
0.0045045 	1.00885 	-6.99575e-18 	0
0.00510511 	1.13174 	-6.99157e-18 	0
0.00570571 	1.25053 	-7.00487e-18 	0
0.00630631 	1.36146 	-7.05172e-18 	0
0.00690691 	1.46317 	-7.08304e-18 	0
0.00750751 	1.56034 	-7.10488e-18 	0
0.00810811 	1.64477 	-6.96275e-18 	0
0.00870871 	1.7254 	-6.81725e-18 	0
0.00930931 	1.79885 	-6.66542e-18 	0
0.00990991 	1.86622 	-6.64977e-18 	0
0.0105105 	1.93064 	-6.69806e-18 	0
0.0111111 	1.98788 	-6.77921e-18 	0
0.0117117 	2.04295 	-6.87923e-18 	0
0.0123123 	2.09405 	-7.01389e-18 	0
0.0129129 	2.14158 	-7.16052e-18 	0
0.0135135 	2.18739 	-7.31145e-18 	0
0.0141141 	2.2289 	-7.41247e-18 	0
0.0147147 	2.26907 	-7.50757e-18 	0
0.0153153 	2.30683 	-7.59201e-18 	0
0.0159159 	2.34236 	-7.63035e-18 	0
0.0165165 	2.37681 	-7.64774e-18 	0
0.0171171 	2.40858 	-7.64872e-18 	0
0.0177177 	2.43947 	-7.65721e-18 	0
0.0183183 	2.46882 	-7.67891e-18 	0
0.0189189 	2.4967 	-7.70791e-18 	0
0.0195195 	2.52389 	-7.73965e-18 	0
0.0201201 	2.54927 	-7.75866e-18 	0
0.0207207 	2.57406 	-7.76711e-18 	0
0.0213213 	2.59781 	-7.75739e-18 	0
0.0219219 	2.62054 	-7.74047e-18 	0
0.0225225 	2.64278 	-7.72056e-18 	0
0.0231231 	2.66376 	-7.70253e-18 	0
0.0237237 	2.68431 	-7.68512e-18 	0
0.0243243 	2.70413 	-7.66875e-18 	0
0.0249249 	2.72321 	-7.65337e-18 	0
0.0255255 	2.74194 	-7.63786e-18 	0
0.0261261 	2.75977 	-7.61043e-18 	0
0.0267267 	2.77728 	-7.57868e-18 	0
0.0273273 	2.79428 	-7.53983e-18 	0
0.0279279 	2.81073 	-7.50237e-18 	0
0.0285285 	2.82693 	-7.46556e-18 	0
0.0291291 	2.84246 	-7.43042e-18 	0
0.0297297 	2.85774 	-7.39587e-18 	0
0.0303303 	2.87263 	-7.36229e-18 	0
0.0309309 	2.88709 	-7.32971e-18 	0
0.0315315 	2.90135 	-7.29759e-18 	0
0.0321321 	2.91509 	-7.26666e-18 	0
0.0327327 	2.92864 	-7.23618e-18 	0
0.0333333 	2.94187 	-7.2064e-18 	0
0.0339339 	2.95475 	-7.17738e-18 	0
0.0345345 	2.96748 	-7.14869e-18 	0
0.0351351 	2.97979 	-7.12091e-18 	0
0.0357357 	2.99194 	-7.09348e-18 	0
0.0363363 	3.00384 	-7.06659e-18 	0
0.0369369 	3.01545 	-7.04029e-18 	0
0.0375375 	3.02694 	-7.01426e-18 	0
0.0381381 	3.03808 	-6.98893e-18 	0
0.0387387 	3.04909 	-6.96388e-18 	0
0.0393393 	3.0599 	-6.93927e-18 	0
0.0399399 	3.07047 	-6.91513e-18 	0
0.0405405 	3.08093 	-6.8912e-18 	0
0.0411411 	3.0911 	-6.86785e-18 	0
0.0417417 	3.10116 	-6.84474e-18 	0
0.0423423 	3.11105 	-6.82197e-18 	0
0.0429429 	3.12075 	-6.79959e-18 	0
0.0435435 	3.13035 	-6.7774e-18 	0
0.0441441 	3.13971 	-6.75567e-18 	0
0.0447447 	3.14898 	-6.73414e-18 	0
0.0453453 	3.15809 	-6.71289e-18 	0
0.0459459 	3.16704 	-6.69197e-18 	0
0.0465465 	3.17591 	-6.6712e-18 	0
0.0471471 	3.18458 	-6.6508e-18 	0
0.0477477 	3.19316 	-6.63057e-18 	0
0.0483483 	3.20161 	-6.61057e-18 	0
0.0489489 	3.20992 	-6.59083e-18 	0
0.0495495 	3.21817 	-6.57121e-18 	0
0.0501502 	3.22623 	-6.5519e-18 	0
0.0507508 	3.23422 	-6.53271e-18 	0
0.0513514 	3.24211 	-6.5137e-18 	0
0.051952 	3.24986 	-6.4949e-18 	0
0.0525526 	3.25756 	-6.47619e-18 	0
0.0531532 	3.2651 	-6.45772e-18 	0
0.0537538 	3.27258 	-6.43934e-18 	0
0.0543544 	3.27997 	-6.42109e-18 	0
0.054955 	3.28724 	-6.40299e-18 	0
0.0555556 	3.29447 	-6.38497e-18 	0
0.0561562 	3.30155 	-6.3671e-18 	0
0.0567568 	3.30858 	-6.3493e-18 	0
0.0573574 	3.31552 	-6.33158e-18 	0
0.057958 	3.32236 	-6.31396e-18 	0
0.0585586 	3.32916 	-6.29637e-18 	0
0.0591592 	3.33585 	-6.27889e-18 	0
0.0597598 	3.34248 	-6.26143e-18 	0
0.0603604 	3.34904 	-6.24403e-18 	0
0.060961 	3.3555 	-6.22666e-18 	0
0.0615616 	3.36193 	-6.2093e-18 	0
0.0621622 	3.36825 	-6.19197e-18 	0
0.0627628 	3.37452 	-6.17464e-18 	0
0.0633634 	3.38073 	-6.15731e-18 	0
0.063964 	3.38686 	-6.13997e-18 	0
0.0645646 	3.39296 	-6.12262e-18 	0
0.0651652 	3.39896 	-6.10522e-18 	0
0.0657658 	3.40491 	-6.08779e-18 	0
0.0663664 	3.41081 	-6.07032e-18 	0
0.066967 	3.41663 	-6.05278e-18 	0
0.0675676 	3.42242 	-6.0352e-18 	0
0.0681682 	3.42813 	-6.01751e-18 	0
0.0687688 	3.4338 	-5.99976e-18 	0
0.0693694 	3.43942 	-5.98192e-18 	0
0.06997 	3.44497 	-5.96395e-18 	0
0.0705706 	3.45049 	-5.94592e-18 	0
0.0711712 	3.45593 	-5.92772e-18 	0
0.0717718 	3.46134 	-5.90941e-18 	0
0.0723724 	3.46671 	-5.89099e-18 	0
0.072973 	3.47201 	-5.87237e-18 	0
0.0735736 	3.47728 	-5.85366e-18 	0
0.0741742 	3.48249 	-5.83472e-18 	0
0.0747748 	3.48766 	-5.81564e-18 	0
0.0753754 	3.49279 	-5.79639e-18 	0
0.075976 	3.49787 	-5.77689e-18 	0
0.0765766 	3.50293 	-5.75727e-18 	0
0.0771772 	3.50792 	-5.73735e-18 	0
0.0777778 	3.51288 	-5.71726e-18 	0
0.0783784 	3.51779 	-5.69697e-18 	0
0.078979 	3.52266 	-5.67636e-18 	0
0.0795796 	3.52751 	-5.65561e-18 	0
0.0801802 	3.5323 	-5.63449e-18 	0
0.0807808 	3.53706 	-5.61315e-18 	0
0.0813814 	3.5418 	-5.59158e-18 	0
0.081982 	3.54648 	-5.56963e-18 	0
0.0825826 	3.55113 	-5.54751e-18 	0
0.0831832 	3.55574 	-5.52495e-18 	0
0.0837838 	3.56032 	-5.50214e-18 	0
0.0843844 	3.56487 	-5.47905e-18 	0
0.084985 	3.56938 	-5.45552e-18 	0
0.0855856 	3.57386 	-5.43179e-18 	0
0.0861862 	3.5783 	-5.40756e-18 	0
0.0867868 	3.58272 	-5.38304e-18 	0
0.0873874 	3.58711 	-5.3582e-18 	0
0.087988 	3.59145 	-5.33284e-18 	0
0.0885886 	3.59578 	-5.30726e-18 	0
0.0891892 	3.60006 	-5.28113e-18 	0
0.0897898 	3.60433 	-5.25466e-18 	0
0.0903904 	3.60857 	-5.22783e-18 	0
0.090991 	3.61276 	-5.20041e-18 	0
0.0915916 	3.61694 	-5.17275e-18 	0
0.0921922 	3.62108 	-5.14445e-18 	0
0.0927928 	3.6252 	-5.11578e-18 	0
0.0933934 	3.62929 	-5.08672e-18 	0
0.093994 	3.63335 	-5.057e-18 	0
0.0945946 	3.6374 	-5.02702e-18 	0
0.0951952 	3.64141 	-4.99633e-18 	0
0.0957958 	3.6454 	-4.96523e-18 	0
0.0963964 	3.64937 	-4.9337e-18 	0
0.096997 	3.6533 	-4.90145e-18 	0
0.0975976 	3.65721 	-4.8689e-18 	0
0.0981982 	3.6611 	-4.8356e-18 	0
0.0987988 	3.66496 	-4.80185e-18 	0
0.0993994 	3.66881 	-4.76763e-18 	0
0.1 	3.67262 	-4.73298e-18 	0
0.100601 	3.67641 	-4.69816e-18 	0
0.101201 	3.68018 	-4.66289e-18 	0
0.101802 	3.68393 	-4.62733e-18 	0
0.102402 	3.68766 	-4.5915e-18 	0
0.103003 	3.69136 	-4.55518e-18 	0
0.103604 	3.69505 	-4.51867e-18 	0
0.104204 	3.69872 	-4.48167e-18 	0
0.104805 	3.70236 	-4.44437e-18 	0
0.105405 	3.70599 	-4.40677e-18 	0
0.106006 	3.70959 	-4.36867e-18 	0
0.106607 	3.71317 	-4.33038e-18 	0
0.107207 	3.71673 	-4.29161e-18 	0
0.107808 	3.72028 	-4.25255e-18 	0
0.108408 	3.7238 	-4.21322e-18 	0
0.109009 	3.7273 	-4.17344e-18 	0
0.10961 	3.73079 	-4.13349e-18 	0
0.11021 	3.73426 	-4.09315e-18 	0
0.110811 	3.73771 	-4.0526e-18 	0
0.111411 	3.74114 	-4.01185e-18 	0
0.112012 	3.74455 	-3.97082e-18 	0
0.112613 	3.74795 	-3.92971e-18 	0
0.113213 	3.75133 	-3.88842e-18 	0
0.113814 	3.75469 	-3.8471e-18 	0
0.114414 	3.75803 	-3.80573e-18 	0
0.115015 	3.76136 	-3.76412e-18 	0
0.115616 	3.76467 	-3.72245e-18 	0
0.116216 	3.76796 	-3.68069e-18 	0
0.116817 	3.77124 	-3.63896e-18 	0
0.117417 	3.77451 	-3.59725e-18 	0
0.118018 	3.77776 	-3.55572e-18 	0
0.118619 	3.78099 	-3.51431e-18 	0
0.119219 	3.78421 	-3.47323e-18 	0
0.11982 	3.78741 	-3.43248e-18 	0
0.12042 	3.7906 	-3.39202e-18 	0
0.121021 	3.79377 	-3.35234e-18 	0
0.121622 	3.79693 	-3.31293e-18 	0
0.122222 	3.80007 	-3.27414e-18 	0
0.122823 	3.8032 	-3.23592e-18 	0
0.123423 	3.80631 	-3.19819e-18 	0
0.124024 	3.80941 	-3.16161e-18 	0
0.124625 	3.8125 	-3.12554e-18 	0
0.125225 	3.81557 	-3.09075e-18 	0
0.125826 	3.81863 	-3.05701e-18 	0
0.126426 	3.82168 	-3.02415e-18 	0
0.127027 	3.82471 	-2.99293e-18 	0
0.127628 	3.82773 	-2.96241e-18 	0
0.128228 	3.83073 	-2.93363e-18 	0
0.128829 	3.83372 	-2.90624e-18 	0
0.129429 	3.83671 	-2.88e-18 	0
0.13003 	3.83967 	-2.85633e-18 	0
0.130631 	3.84263 	-2.83372e-18 	0
0.131231 	3.84557 	-2.81371e-18 	0
0.131832 	3.84851 	-2.79583e-18 	0
0.132432 	3.85143 	-2.77968e-18 	0
0.133033 	3.85433 	-2.76755e-18 	0
0.133634 	3.85723 	-2.75707e-18 	0
0.134234 	3.86011 	-2.75055e-18 	0
0.134835 	3.86299 	-2.7475e-18 	0
0.135435 	3.86585 	-2.74722e-18 	0
0.136036 	3.8687 	-2.75384e-18 	0
0.136637 	3.87154 	-2.76333e-18 	0
0.137237 	3.87437 	-2.77977e-18 	0
0.137838 	3.87719 	-2.80374e-18 	0
0.138438 	3.88 	-2.83358e-18 	0
0.139039 	3.8828 	-2.84585e-18 	0
0.13964 	3.88559 	-2.85643e-18 	0
0.14024 	3.88836 	-2.86803e-18 	0
0.140841 	3.89112 	-2.87996e-18 	0
0.141441 	3.89388 	-2.89213e-18 	0
0.142042 	3.89662 	-2.90412e-18 	0
0.142643 	3.89936 	-2.92078e-18 	0
0.143243 	3.90208 	-2.95246e-18 	0
0.143844 	3.9048 	-2.97667e-18 	0
0.144444 	3.90751 	-2.99528e-18 	0
0.145045 	3.9102 	-3.00603e-18 	0
0.145646 	3.91289 	-3.01421e-18 	0
0.146246 	3.91557 	-3.01684e-18 	0
0.146847 	3.91824 	-3.01613e-18 	0
0.147447 	3.9209 	-3.01297e-18 	0
0.148048 	3.92355 	-3.0053e-18 	0
0.148649 	3.92619 	-2.99619e-18 	0
0.149249 	3.92882 	-2.98404e-18 	0
0.14985 	3.93145 	-2.96991e-18 	0
0.15045 	3.93406 	-2.95437e-18 	0
0.151051 	3.93667 	-2.9362e-18 	0
0.151652 	3.93926 	-2.91717e-18 	0
0.152252 	3.94185 	-2.89631e-18 	0
0.152853 	3.94443 	-2.87423e-18 	0
0.153453 	3.947 	-2.85128e-18 	0
0.154054 	3.94957 	-2.82668e-18 	0
0.154655 	3.95213 	-2.80158e-18 	0
0.155255 	3.95467 	-2.77539e-18 	0
0.155856 	3.95721 	-2.74833e-18 	0
0.156456 	3.95975 	-2.72068e-18 	0
0.157057 	3.96226 	-2.69191e-18 	0
0.157658 	3.96478 	-2.66281e-18 	0
0.158258 	3.96729 	-2.63301e-18 	0
0.158859 	3.96979 	-2.60281e-18 	0
0.159459 	3.97228 	-2.57233e-18 	0
0.16006 	3.97477 	-2.54141e-18 	0
0.160661 	3.97725 	-2.51032e-18 	0
0.161261 	3.97972 	-2.47884e-18 	0
0.161862 	3.98218 	-2.44718e-18 	0
0.162462 	3.98464 	-2.41541e-18 	0
0.163063 	3.98709 	-2.38352e-18 	0
0.163664 	3.98953 	-2.35165e-18 	0
0.164264 	3.99197 	-2.31981e-18 	0
0.164865 	3.99439 	-2.28812e-18 	0
0.165465 	3.99682 	-2.25651e-18 	0
0.166066 	3.99923 	-2.22523e-18 	0
0.166667 	4.00164 	-2.19409e-18 	0
0.167267 	4.00404 	-2.16329e-18 	0
0.167868 	4.00643 	-2.13286e-18 	0
0.168468 	4.00882 	-2.10265e-18 	0
0.169069 	4.0112 	-2.06945e-18 	0
0.16967 	4.01358 	-2.05105e-18 	0
0.17027 	4.01594 	-2.07066e-18 	0
0.170871 	4.01831 	-2.14877e-18 	0
0.171471 	4.02067 	-2.26311e-18 	0
0.172072 	4.02301 	-2.37764e-18 	0
0.172673 	4.02535 	-2.46516e-18 	0
0.173273 	4.0277 	-2.4857e-18 	0
0.173874 	4.03003 	-2.47428e-18 	0
0.174474 	4.03235 	-2.44348e-18 	0
0.175075 	4.03467 	-2.41734e-18 	0
0.175676 	4.03698 	-2.39166e-18 	0
0.176276 	4.03929 	-2.36661e-18 	0
0.176877 	4.04159 	-2.34236e-18 	0
0.177477 	4.04389 	-2.31858e-18 	0
0.178078 	4.04619 	-2.29617e-18 	0
0.178679 	4.04849 	-2.27419e-18 	0
0.179279 	4.05078 	-2.25312e-18 	0
0.17988 	4.05307 	-2.23298e-18 	0
0.18048 	4.05536 	-2.21338e-18 	0
0.181081 	4.05764 	-2.19534e-18 	0
0.181682 	4.05992 	-2.17791e-18 	0
0.182282 	4.06219 	-2.16176e-18 	0
0.182883 	4.06447 	-2.14689e-18 	0
0.183483 	4.06675 	-2.13276e-18 	0
0.184084 	4.06901 	-2.12083e-18 	0
0.184685 	4.07128 	-2.10965e-18 	0
0.185285 	4.07354 	-2.10001e-18 	0
0.185886 	4.0758 	-2.09194e-18 	0
0.186486 	4.07806 	-2.08474e-18 	0
0.187087 	4.08032 	-2.08018e-18 	0
0.187688 	4.08257 	-2.07649e-18 	0
0.188288 	4.08482 	-2.0746e-18 	0
0.188889 	4.08706 	-2.07452e-18 	0
0.189489 	4.0893 	-2.07543e-18 	0
0.19009 	4.09154 	-2.07922e-18 	0
0.190691 	4.09378 	-2.08401e-18 	0
0.191291 	4.09601 	-2.09085e-18 	0
0.191892 	4.09824 	-2.09947e-18 	0
0.192492 	4.10046 	-2.10904e-18 	0
0.193093 	4.10268 	-2.12116e-18 	0
0.193694 	4.1049 	-2.13404e-18 	0
0.194294 	4.10711 	-2.14848e-18 	0
0.194895 	4.10932 	-2.16405e-18 	0
0.195495 	4.11153 	-2.18023e-18 	0
0.196096 	4.11374 	-2.19734e-18 	0
0.196697 	4.11594 	-2.21449e-18 	0
0.197297 	4.11813 	-2.23172e-18 	0
0.197898 	4.12032 	-2.24839e-18 	0
0.198498 	4.12251 	-2.26479e-18 	0
0.199099 	4.1247 	-2.27941e-18 	0
0.1997 	4.12688 	-2.29325e-18 	0
0.2003 	4.12906 	-2.30554e-18 	0
0.200901 	4.13123 	-2.31314e-18 	0
0.201502 	4.13341 	-2.31851e-18 	0
0.202102 	4.13557 	-2.36212e-18 	0
0.202703 	4.13774 	-2.38613e-18 	0
0.203303 	4.1399 	-2.37164e-18 	0
0.203904 	4.14206 	-2.35732e-18 	0
0.204505 	4.14421 	-2.34353e-18 	0
0.205105 	4.14636 	-2.38801e-18 	0
0.205706 	4.1485 	-2.41973e-18 	0
0.206306 	4.15065 	-2.42699e-18 	0
0.206907 	4.15279 	-2.43956e-18 	0
0.207508 	4.15493 	-2.4547e-18 	0
0.208108 	4.15706 	-2.47298e-18 	0
0.208709 	4.15919 	-2.49217e-18 	0
0.209309 	4.16131 	-2.51307e-18 	0
0.20991 	4.16344 	-2.5351e-18 	0
0.210511 	4.16556 	-2.55768e-18 	0
0.211111 	4.16767 	-2.58099e-18 	0
0.211712 	4.16979 	-2.60427e-18 	0
0.212312 	4.1719 	-2.62749e-18 	0
0.212913 	4.17401 	-2.65012e-18 	0
0.213514 	4.17611 	-2.67244e-18 	0
0.214114 	4.17821 	-2.69341e-18 	0
0.214715 	4.18031 	-2.71377e-18 	0
0.215315 	4.1824 	-2.73304e-18 	0
0.215916 	4.18449 	-2.75105e-18 	0
0.216517 	4.18658 	-2.76845e-18 	0
0.217117 	4.18866 	-2.78382e-18 	0
0.217718 	4.19074 	-2.79847e-18 	0
0.218318 	4.19282 	-2.81184e-18 	0
0.218919 	4.1949 	-2.82395e-18 	0
0.21952 	4.19697 	-2.83543e-18 	0
0.22012 	4.19903 	-2.84507e-18 	0
0.220721 	4.2011 	-2.85409e-18 	0
0.221321 	4.20317 	-2.86205e-18 	0
0.221922 	4.20522 	-2.86899e-18 	0
0.222523 	4.20728 	-2.87545e-18 	0
0.223123 	4.20933 	-2.88073e-18 	0
0.223724 	4.21138 	-2.88554e-18 	0
0.224324 	4.21343 	-2.88956e-18 	0
0.224925 	4.21547 	-2.89285e-18 	0
0.225526 	4.21752 	-2.8958e-18 	0
0.226126 	4.21955 	-2.89796e-18 	0
0.226727 	4.22159 	-2.89988e-18 	0
0.227327 	4.22362 	-2.90139e-18 	0
0.227928 	4.22565 	-2.90258e-18 	0
0.228529 	4.22768 	-2.9036e-18 	0
0.229129 	4.2297 	-2.9041e-18 	0
0.22973 	4.23172 	-2.90443e-18 	0
0.23033 	4.23374 	-2.90452e-18 	0
0.230931 	4.23575 	-2.9044e-18 	0
0.231532 	4.23777 	-2.9042e-18 	0
0.232132 	4.23977 	-2.90383e-18 	0
0.232733 	4.24178 	-2.90344e-18 	0
0.233333 	4.24378 	-2.90298e-18 	0
0.233934 	4.24579 	-2.90252e-18 	0
0.234535 	4.24778 	-2.90205e-18 	0
0.235135 	4.24978 	-2.90161e-18 	0
0.235736 	4.25177 	-2.90121e-18 	0
0.236336 	4.25376 	-2.90086e-18 	0
0.236937 	4.25575 	-2.90059e-18 	0
0.237538 	4.25773 	-2.90036e-18 	0
0.238138 	4.25972 	-2.90026e-18 	0
0.238739 	4.2617 	-2.90022e-18 	0
0.239339 	4.26367 	-2.90028e-18 	0
0.23994 	4.26564 	-2.90044e-18 	0
0.240541 	4.26761 	-2.90066e-18 	0
0.241141 	4.26958 	-2.90102e-18 	0
0.241742 	4.27155 	-2.90145e-18 	0
0.242342 	4.27351 	-2.90196e-18 	0
0.242943 	4.27547 	-2.90258e-18 	0
0.243544 	4.27743 	-2.90325e-18 	0
0.244144 	4.27938 	-2.90403e-18 	0
0.244745 	4.28134 	-2.90485e-18 	0
0.245345 	4.28329 	-2.90575e-18 	0
0.245946 	4.28523 	-2.90671e-18 	0
0.246547 	4.28718 	-2.9077e-18 	0
0.247147 	4.28912 	-2.90876e-18 	0
0.247748 	4.29106 	-2.90984e-18 	0
0.248348 	4.29299 	-2.91095e-18 	0
0.248949 	4.29493 	-2.91209e-18 	0
0.24955 	4.29686 	-2.91325e-18 	0
0.25015 	4.29879 	-2.91441e-18 	0
0.250751 	4.30071 	-2.91558e-18 	0
0.251351 	4.30263 	-2.91675e-18 	0
0.251952 	4.30456 	-2.91791e-18 	0
0.252553 	4.30648 	-2.91906e-18 	0
0.253153 	4.30839 	-2.92017e-18 	0
0.253754 	4.31031 	-2.92127e-18 	0
0.254354 	4.31222 	-2.92235e-18 	0
0.254955 	4.31412 	-2.92337e-18 	0
0.255556 	4.31603 	-2.92438e-18 	0
0.256156 	4.31793 	-2.92532e-18 	0
0.256757 	4.31983 	-2.92622e-18 	0
0.257357 	4.32173 	-2.92708e-18 	0
0.257958 	4.32363 	-2.92786e-18 	0
0.258559 	4.32552 	-2.92861e-18 	0
0.259159 	4.32741 	-2.92927e-18 	0
0.25976 	4.3293 	-2.92988e-18 	0
0.26036 	4.33118 	-2.93042e-18 	0
0.260961 	4.33307 	-2.93087e-18 	0
0.261562 	4.33495 	-2.93128e-18 	0
0.262162 	4.33683 	-2.93158e-18 	0
0.262763 	4.3387 	-2.93182e-18 	0
0.263363 	4.34057 	-2.93198e-18 	0
0.263964 	4.34245 	-2.93204e-18 	0
0.264565 	4.34432 	-2.93205e-18 	0
0.265165 	4.34618 	-2.93193e-18 	0
0.265766 	4.34804 	-2.93175e-18 	0
0.266366 	4.34991 	-2.93149e-18 	0
0.266967 	4.35177 	-2.93111e-18 	0
0.267568 	4.35363 	-2.93068e-18 	0
0.268168 	4.35548 	-2.93011e-18 	0
0.268769 	4.35733 	-2.92948e-18 	0
0.269369 	4.35918 	-2.92876e-18 	0
0.26997 	4.36102 	-2.92791e-18 	0
0.270571 	4.36287 	-2.92702e-18 	0
0.271171 	4.36471 	-2.92598e-18 	0
0.271772 	4.36655 	-2.92487e-18 	0
0.272372 	4.36839 	-2.92367e-18 	0
0.272973 	4.37022 	-2.92235e-18 	0
0.273574 	4.37205 	-2.92097e-18 	0
0.274174 	4.37389 	-2.91945e-18 	0
0.274775 	4.37572 	-2.91786e-18 	0
0.275375 	4.37754 	-2.91618e-18 	0
0.275976 	4.37936 	-2.91437e-18 	0
0.276577 	4.38118 	-2.91251e-18 	0
0.277177 	4.383 	-2.91051e-18 	0
0.277778 	4.38481 	-2.90843e-18 	0
0.278378 	4.38662 	-2.90627e-18 	0
0.278979 	4.38844 	-2.90398e-18 	0
0.27958 	4.39025 	-2.90164e-18 	0
0.28018 	4.39205 	-2.89916e-18 	0
0.280781 	4.39385 	-2.89661e-18 	0
0.281381 	4.39565 	-2.89397e-18 	0
0.281982 	4.39746 	-2.8912e-18 	0
0.282583 	4.39926 	-2.88839e-18 	0
0.283183 	4.40105 	-2.88544e-18 	0
0.283784 	4.40284 	-2.88242e-18 	0
0.284384 	4.40463 	-2.87932e-18 	0
0.284985 	4.40642 	-2.8761e-18 	0
0.285586 	4.4082 	-2.87283e-18 	0
0.286186 	4.40998 	-2.86943e-18 	0
0.286787 	4.41176 	-2.86596e-18 	0
0.287387 	4.41354 	-2.86241e-18 	0
0.287988 	4.41531 	-2.85875e-18 	0
0.288589 	4.41709 	-2.85504e-18 	0
0.289189 	4.41886 	-2.85121e-18 	0
0.28979 	4.42062 	-2.84731e-18 	0
0.29039 	4.4224 	-2.84334e-18 	0
0.290991 	4.42416 	-2.83927e-18 	0
0.291592 	4.42592 	-2.83514e-18 	0
0.292192 	4.42768 	-2.8309e-18 	0
0.292793 	4.42943 	-2.8266e-18 	0
0.293393 	4.43119 	-2.82224e-18 	0
0.293994 	4.43294 	-2.81776e-18 	0
0.294595 	4.43469 	-2.81324e-18 	0
0.295195 	4.43643 	-2.80862e-18 	0
0.295796 	4.43818 	-2.80393e-18 	0
0.296396 	4.43992 	-2.79919e-18 	0
0.296997 	4.44166 	-2.79434e-18 	0
0.297598 	4.4434 	-2.78946e-18 	0
0.298198 	4.44514 	-2.78448e-18 	0
0.298799 	4.44687 	-2.77945e-18 	0
0.299399 	4.4486 	-2.77435e-18 	0
0.3 	4.45032 	-2.76917e-18 	0
0.300601 	4.45205 	-2.76395e-18 	0
0.301201 	4.45377 	-2.75863e-18 	0
0.301802 	4.45549 	-2.75327e-18 	0
0.302402 	4.45721 	-2.74786e-18 	0
0.303003 	4.45893 	-2.74236e-18 	0
0.303604 	4.46065 	-2.73682e-18 	0
0.304204 	4.46236 	-2.73121e-18 	0
0.304805 	4.46407 	-2.72555e-18 	0
0.305405 	4.46577 	-2.71984e-18 	0
0.306006 	4.46747 	-2.71405e-18 	0
0.306607 	4.46917 	-2.70823e-18 	0
0.307207 	4.47087 	-2.70234e-18 	0
0.307808 	4.47257 	-2.6964e-18 	0
0.308408 	4.47427 	-2.69042e-18 	0
0.309009 	4.47596 	-2.68437e-18 	0
0.30961 	4.47765 	-2.6783e-18 	0
0.31021 	4.47934 	-2.67215e-18 	0
0.310811 	4.48102 	-2.66597e-18 	0
0.311411 	4.4827 	-2.65975e-18 	0
0.312012 	4.48438 	-2.65346e-18 	0
0.312613 	4.48606 	-2.64716e-18 	0
0.313213 	4.48774 	-2.64078e-18 	0
0.313814 	4.48941 	-2.63438e-18 	0
0.314414 	4.49108 	-2.62794e-18 	0
0.315015 	4.49275 	-2.62144e-18 	0
0.315616 	4.49441 	-2.61492e-18 	0
0.316216 	4.49607 	-2.60834e-18 	0
0.316817 	4.49773 	-2.60174e-18 	0
0.317417 	4.49939 	-2.5951e-18 	0
0.318018 	4.50105 	-2.58841e-18 	0
0.318619 	4.50271 	-2.58171e-18 	0
0.319219 	4.50436 	-2.57495e-18 	0
0.31982 	4.50601 	-2.56816e-18 	0
0.32042 	4.50765 	-2.56135e-18 	0
0.321021 	4.50929 	-2.55449e-18 	0
0.321622 	4.51093 	-2.54762e-18 	0
0.322222 	4.51257 	-2.54071e-18 	0
0.322823 	4.51421 	-2.53377e-18 	0
0.323423 	4.51584 	-2.5268e-18 	0
0.324024 	4.51747 	-2.51979e-18 	0
0.324625 	4.5191 	-2.51277e-18 	0
0.325225 	4.52073 	-2.50571e-18 	0
0.325826 	4.52235 	-2.49863e-18 	0
0.326426 	4.52396 	-2.49152e-18 	0
0.327027 	4.52558 	-2.48438e-18 	0
0.327628 	4.5272 	-2.47722e-18 	0
0.328228 	4.52881 	-2.47004e-18 	0
0.328829 	4.53042 	-2.46283e-18 	0
0.329429 	4.53203 	-2.45561e-18 	0
0.33003 	4.53364 	-2.44835e-18 	0
0.330631 	4.53524 	-2.44107e-18 	0
0.331231 	4.53684 	-2.43378e-18 	0
0.331832 	4.53844 	-2.42646e-18 	0
0.332432 	4.54003 	-2.41912e-18 	0
0.333033 	4.54163 	-2.41174e-18 	0
0.333634 	4.54322 	-2.40436e-18 	0
0.334234 	4.54481 	-2.39696e-18 	0
0.334835 	4.5464 	-2.38953e-18 	0
0.335435 	4.54799 	-2.38209e-18 	0
0.336036 	4.54957 	-2.37462e-18 	0
0.336637 	4.55115 	-2.36713e-18 	0
0.337237 	4.55273 	-2.35962e-18 	0
0.337838 	4.55431 	-2.35208e-18 	0
0.338438 	4.55589 	-2.34453e-18 	0
0.339039 	4.55746 	-2.33696e-18 	0
0.33964 	4.55904 	-2.32937e-18 	0
0.34024 	4.56061 	-2.32175e-18 	0
0.340841 	4.56218 	-2.31412e-18 	0
0.341441 	4.56375 	-2.30648e-18 	0
0.342042 	4.56531 	-2.2988e-18 	0
0.342643 	4.56688 	-2.29112e-18 	0
0.343243 	4.56845 	-2.28341e-18 	0
0.343844 	4.57001 	-2.27569e-18 	0
0.344444 	4.57158 	-2.26797e-18 	0
0.345045 	4.57313 	-2.26022e-18 	0
0.345646 	4.57469 	-2.25247e-18 	0
0.346246 	4.57624 	-2.24471e-18 	0
0.346847 	4.57778 	-2.23695e-18 	0
0.347447 	4.57932 	-2.22919e-18 	0
0.348048 	4.58086 	-2.22143e-18 	0
0.348649 	4.58239 	-2.21369e-18 	0
0.349249 	4.58391 	-2.20596e-18 	0
0.34985 	4.58542 	-2.19825e-18 	0
0.35045 	4.58693 	-2.19056e-18 	0
0.351051 	4.58841 	-2.18293e-18 	0
0.351652 	4.58989 	-2.17531e-18 	0
0.352252 	4.59136 	-2.16776e-18 	0
0.352853 	4.59281 	-2.16026e-18 	0
0.353453 	4.59425 	-2.1528e-18 	0
0.354054 	4.59566 	-2.14544e-18 	0
0.354655 	4.59707 	-2.13813e-18 	0
0.355255 	4.59845 	-2.1309e-18 	0
0.355856 	4.59981 	-2.12375e-18 	0
0.356456 	4.60116 	-2.11665e-18 	0
0.357057 	4.60249 	-2.10962e-18 	0
0.357658 	4.60382 	-2.10262e-18 	0
0.358258 	4.60513 	-2.09564e-18 	0
0.358859 	4.60645 	-2.08866e-18 	0
0.359459 	4.60776 	-2.08169e-18 	0
0.36006 	4.60907 	-2.07471e-18 	0
0.360661 	4.61037 	-2.06773e-18 	0
0.361261 	4.61166 	-2.06076e-18 	0
0.361862 	4.61296 	-2.05379e-18 	0
0.362462 	4.61425 	-2.04682e-18 	0
0.363063 	4.61553 	-2.03985e-18 	0
0.363664 	4.61682 	-2.03288e-18 	0
0.364264 	4.6181 	-2.02591e-18 	0
0.364865 	4.61937 	-2.01895e-18 	0
0.365465 	4.62065 	-2.01198e-18 	0
0.366066 	4.62191 	-2.00502e-18 	0
0.366667 	4.62318 	-1.99806e-18 	0
0.367267 	4.62444 	-1.99111e-18 	0
0.367868 	4.6257 	-1.98415e-18 	0
0.368468 	4.62696 	-1.9772e-18 	0
0.369069 	4.62821 	-1.97025e-18 	0
0.36967 	4.62946 	-1.9633e-18 	0
0.37027 	4.6307 	-1.95636e-18 	0
0.370871 	4.63194 	-1.94942e-18 	0
0.371471 	4.63318 	-1.94248e-18 	0
0.372072 	4.63441 	-1.93554e-18 	0
0.372673 	4.63564 	-1.92861e-18 	0
0.373273 	4.63687 	-1.92168e-18 	0
0.373874 	4.63809 	-1.91476e-18 	0
0.374474 	4.63931 	-1.90783e-18 	0
0.375075 	4.64052 	-1.90092e-18 	0
0.375676 	4.64173 	-1.89401e-18 	0
0.376276 	4.64294 	-1.8871e-18 	0
0.376877 	4.64414 	-1.8802e-18 	0
0.377477 	4.64534 	-1.8733e-18 	0
0.378078 	4.64653 	-1.8664e-18 	0
0.378679 	4.64772 	-1.85951e-18 	0
0.379279 	4.64891 	-1.85263e-18 	0
0.37988 	4.6501 	-1.84575e-18 	0
0.38048 	4.65128 	-1.83887e-18 	0
0.381081 	4.65245 	-1.832e-18 	0
0.381682 	4.65362 	-1.82514e-18 	0
0.382282 	4.6548 	-1.81828e-18 	0
0.382883 	4.65596 	-1.81142e-18 	0
0.383483 	4.65712 	-1.80457e-18 	0
0.384084 	4.65828 	-1.79773e-18 	0
0.384685 	4.65943 	-1.79089e-18 	0
0.385285 	4.66058 	-1.78406e-18 	0
0.385886 	4.66172 	-1.77724e-18 	0
0.386486 	4.66286 	-1.77041e-18 	0
0.387087 	4.664 	-1.7636e-18 	0
0.387688 	4.66513 	-1.75679e-18 	0
0.388288 	4.66626 	-1.74999e-18 	0
0.388889 	4.66739 	-1.7432e-18 	0
0.389489 	4.66851 	-1.73641e-18 	0
0.39009 	4.66963 	-1.72963e-18 	0
0.390691 	4.67074 	-1.72285e-18 	0
0.391291 	4.67185 	-1.71608e-18 	0
0.391892 	4.67295 	-1.70932e-18 	0
0.392492 	4.67406 	-1.70256e-18 	0
0.393093 	4.67515 	-1.69582e-18 	0
0.393694 	4.67624 	-1.68908e-18 	0
0.394294 	4.67733 	-1.68235e-18 	0
0.394895 	4.67841 	-1.67563e-18 	0
0.395495 	4.67949 	-1.66891e-18 	0
0.396096 	4.68057 	-1.66221e-18 	0
0.396697 	4.68164 	-1.65551e-18 	0
0.397297 	4.68271 	-1.64881e-18 	0
0.397898 	4.68377 	-1.64213e-18 	0
0.398498 	4.68483 	-1.63545e-18 	0
0.399099 	4.68588 	-1.62878e-18 	0
0.3997 	4.68693 	-1.62212e-18 	0
0.4003 	4.68797 	-1.61547e-18 	0
0.400901 	4.68901 	-1.60883e-18 	0
0.401502 	4.69005 	-1.60219e-18 	0
0.402102 	4.69108 	-1.59557e-18 	0
0.402703 	4.69211 	-1.58895e-18 	0
0.403303 	4.69313 	-1.58234e-18 	0
0.403904 	4.69415 	-1.57575e-18 	0
0.404505 	4.69517 	-1.56915e-18 	0
0.405105 	4.69617 	-1.56257e-18 	0
0.405706 	4.69717 	-1.556e-18 	0
0.406306 	4.69818 	-1.54945e-18 	0
0.406907 	4.69917 	-1.54289e-18 	0
0.407508 	4.70016 	-1.53635e-18 	0
0.408108 	4.70115 	-1.52982e-18 	0
0.408709 	4.70213 	-1.5233e-18 	0
0.409309 	4.70311 	-1.51679e-18 	0
0.40991 	4.70408 	-1.51028e-18 	0
0.410511 	4.70505 	-1.50379e-18 	0
0.411111 	4.70601 	-1.49731e-18 	0
0.411712 	4.70697 	-1.49084e-18 	0
0.412312 	4.70792 	-1.48438e-18 	0
0.412913 	4.70887 	-1.47793e-18 	0
0.413514 	4.70981 	-1.47149e-18 	0
0.414114 	4.71075 	-1.46506e-18 	0
0.414715 	4.71168 	-1.45864e-18 	0
0.415315 	4.71261 	-1.45224e-18 	0
0.415916 	4.71354 	-1.44584e-18 	0
0.416517 	4.71446 	-1.43945e-18 	0
0.417117 	4.71537 	-1.43308e-18 	0
0.417718 	4.71628 	-1.42672e-18 	0
0.418318 	4.71719 	-1.42037e-18 	0
0.418919 	4.71808 	-1.41403e-18 	0
0.41952 	4.71898 	-1.4077e-18 	0
0.42012 	4.71987 	-1.40139e-18 	0
0.420721 	4.72075 	-1.39509e-18 	0
0.421321 	4.72163 	-1.3888e-18 	0
0.421922 	4.7225 	-1.38252e-18 	0
0.422523 	4.72337 	-1.37625e-18 	0
0.423123 	4.72423 	-1.36999e-18 	0
0.423724 	4.72509 	-1.36375e-18 	0
0.424324 	4.72594 	-1.35752e-18 	0
0.424925 	4.72679 	-1.35131e-18 	0
0.425526 	4.72764 	-1.3451e-18 	0
0.426126 	4.72847 	-1.33891e-18 	0
0.426727 	4.7293 	-1.33273e-18 	0
0.427327 	4.73012 	-1.32656e-18 	0
0.427928 	4.73094 	-1.32041e-18 	0
0.428529 	4.73176 	-1.31427e-18 	0
0.429129 	4.73257 	-1.30814e-18 	0
0.42973 	4.73338 	-1.30203e-18 	0
0.43033 	4.73417 	-1.29592e-18 	0
0.430931 	4.73496 	-1.28984e-18 	0
0.431532 	4.73575 	-1.28376e-18 	0
0.432132 	4.73653 	-1.27771e-18 	0
0.432733 	4.73731 	-1.27166e-18 	0
0.433333 	4.73808 	-1.26563e-18 	0
0.433934 	4.73884 	-1.25962e-18 	0
0.434535 	4.7396 	-1.25361e-18 	0
0.435135 	4.74035 	-1.24762e-18 	0
0.435736 	4.7411 	-1.24164e-18 	0
0.436336 	4.74185 	-1.23568e-18 	0
0.436937 	4.74258 	-1.22974e-18 	0
0.437538 	4.74332 	-1.2238e-18 	0
0.438138 	4.74404 	-1.21788e-18 	0
0.438739 	4.74475 	-1.21198e-18 	0
0.439339 	4.74546 	-1.20609e-18 	0
0.43994 	4.74616 	-1.20022e-18 	0
0.440541 	4.74687 	-1.19436e-18 	0
0.441141 	4.74756 	-1.18852e-18 	0
0.441742 	4.74825 	-1.18269e-18 	0
0.442342 	4.74893 	-1.17688e-18 	0
0.442943 	4.74961 	-1.17108e-18 	0
0.443544 	4.75028 	-1.16529e-18 	0
0.444144 	4.75094 	-1.15953e-18 	0
0.444745 	4.7516 	-1.15377e-18 	0
0.445345 	4.75225 	-1.14804e-18 	0
0.445946 	4.7529 	-1.14232e-18 	0
0.446547 	4.75354 	-1.13661e-18 	0
0.447147 	4.75417 	-1.13093e-18 	0
0.447748 	4.7548 	-1.12526e-18 	0
0.448348 	4.75541 	-1.1196e-18 	0
0.448949 	4.75602 	-1.11396e-18 	0
0.44955 	4.75663 	-1.10833e-18 	0
0.45015 	4.75723 	-1.10272e-18 	0
0.450751 	4.75783 	-1.09713e-18 	0
0.451351 	4.75841 	-1.09156e-18 	0
0.451952 	4.75899 	-1.086e-18 	0
0.452553 	4.75957 	-1.08046e-18 	0
0.453153 	4.76014 	-1.07493e-18 	0
0.453754 	4.7607 	-1.06942e-18 	0
0.454354 	4.76126 	-1.06393e-18 	0
0.454955 	4.7618 	-1.05846e-18 	0
0.455556 	4.76235 	-1.053e-18 	0
0.456156 	4.76288 	-1.04756e-18 	0
0.456757 	4.76341 	-1.04214e-18 	0
0.457357 	4.76394 	-1.03673e-18 	0
0.457958 	4.76445 	-1.03135e-18 	0
0.458559 	4.76496 	-1.02597e-18 	0
0.459159 	4.76546 	-1.02062e-18 	0
0.45976 	4.76595 	-1.01528e-18 	0
0.46036 	4.76644 	-1.00997e-18 	0
0.460961 	4.76692 	-1.00467e-18 	0
0.461562 	4.7674 	-9.99377e-19 	0
0.462162 	4.76786 	-9.94115e-19 	0
0.462763 	4.76832 	-9.88867e-19 	0
0.463363 	4.76878 	-9.83634e-19 	0
0.463964 	4.76922 	-9.78425e-19 	0
0.464565 	4.76967 	-9.73226e-19 	0
0.465165 	4.77009 	-9.68054e-19 	0
0.465766 	4.77052 	-9.62894e-19 	0
0.466366 	4.77094 	-9.57751e-19 	0
0.466967 	4.77135 	-9.52632e-19 	0
0.467568 	4.77175 	-9.47522e-19 	0
0.468168 	4.77215 	-9.4244e-19 	0
0.468769 	4.77254 	-9.37371e-19 	0
0.469369 	4.77293 	-9.32318e-19 	0
0.46997 	4.7733 	-9.2729e-19 	0
0.470571 	4.77367 	-9.22271e-19 	0
0.471171 	4.77403 	-9.1728e-19 	0
0.471772 	4.77439 	-9.12302e-19 	0
0.472372 	4.77474 	-9.07341e-19 	0
0.472973 	4.77507 	-9.02404e-19 	0
0.473574 	4.77541 	-8.97477e-19 	0
0.474174 	4.77573 	-8.92577e-19 	0
0.474775 	4.77605 	-8.87692e-19 	0
0.475375 	4.77637 	-8.82823e-19 	0
0.475976 	4.77667 	-8.77979e-19 	0
0.476577 	4.77697 	-8.73144e-19 	0
0.477177 	4.77726 	-8.68338e-19 	0
0.477778 	4.77753 	-8.63545e-19 	0
0.478378 	4.77781 	-8.58769e-19 	0
0.478979 	4.77807 	-8.54018e-19 	0
0.47958 	4.77833 	-8.49277e-19 	0
0.48018 	4.77859 	-8.44563e-19 	0
0.480781 	4.77883 	-8.39864e-19 	0
0.481381 	4.77907 	-8.35182e-19 	0
0.481982 	4.7793 	-8.30525e-19 	0
0.482583 	4.77952 	-8.25878e-19 	0
0.483183 	4.77974 	-8.21259e-19 	0
0.483784 	4.77995 	-8.16654e-19 	0
0.484384 	4.78015 	-8.12065e-19 	0
0.484985 	4.78034 	-8.07502e-19 	0
0.485586 	4.78052 	-8.0295e-19 	0
0.486186 	4.7807 	-7.98425e-19 	0
0.486787 	4.78087 	-7.93915e-19 	0
0.487387 	4.78104 	-7.89422e-19 	0
0.487988 	4.78119 	-7.84954e-19 	0
0.488589 	4.78134 	-7.80497e-19 	0
0.489189 	4.78148 	-7.76067e-19 	0
0.48979 	4.78161 	-7.71652e-19 	0
0.49039 	4.78174 	-7.67254e-19 	0
0.490991 	4.78185 	-7.62881e-19 	0
0.491592 	4.78197 	-7.5852e-19 	0
0.492192 	4.78207 	-7.54185e-19 	0
0.492793 	4.78216 	-7.49861e-19 	0
0.493393 	4.78225 	-7.45546e-19 	0
0.493994 	4.78233 	-7.41248e-19 	0
0.494595 	4.7824 	-7.36958e-19 	0
0.495195 	4.78247 	-7.32684e-19 	0
0.495796 	4.78252 	-7.2842e-19 	0
0.496396 	4.78257 	-7.24167e-19 	0
0.496997 	4.78261 	-7.19935e-19 	0
0.497598 	4.78265 	-7.15711e-19 	0
0.498198 	4.78268 	-7.1151e-19 	0
0.498799 	4.7827 	-7.07321e-19 	0
0.499399 	4.78271 	-7.03143e-19 	0
0.5 	4.78271 	-6.98985e-19 	0
