0.0003003 	0.141721 	-2.95313e-18 	0
0.000900901 	0.379058 	-6.20735e-18 	0
0.0015015 	0.593308 	-8.13594e-18 	0
0.0021021 	0.759135 	-8.23777e-18 	0
0.0027027 	0.91082 	-8.23512e-18 	0
0.0033033 	1.03474 	-8.02737e-18 	0
0.0039039 	1.14025 	-7.92102e-18 	0
0.0045045 	1.23666 	-7.86445e-18 	0
0.00510511 	1.31539 	-7.85929e-18 	0
0.00570571 	1.38992 	-7.86456e-18 	0
0.00630631 	1.4564 	-7.88988e-18 	0
0.00690691 	1.51687 	-7.88977e-18 	0
0.00750751 	1.57439 	-7.87602e-18 	0
0.00810811 	1.62527 	-7.74084e-18 	0
0.00870871 	1.67432 	-7.61071e-18 	0
0.00930931 	1.71995 	-7.49003e-18 	0
0.00990991 	1.76268 	-7.4143e-18 	0
0.0105105 	1.80401 	-7.36031e-18 	0
0.0111111 	1.84193 	-7.35375e-18 	0
0.0117117 	1.87882 	-7.34859e-18 	0
0.0123123 	1.91381 	-7.346e-18 	0
0.0129129 	1.94711 	-7.35903e-18 	0
0.0135135 	1.97959 	-7.38107e-18 	0
0.0141141 	2.00999 	-7.48542e-18 	0
0.0147147 	2.03972 	-7.58645e-18 	0
0.0153153 	2.06826 	-7.68151e-18 	0
0.0159159 	2.09566 	-7.74274e-18 	0
0.0165165 	2.12253 	-7.78818e-18 	0
0.0171171 	2.148 	-7.80648e-18 	0
0.0177177 	2.17299 	-7.82506e-18 	0
0.0183183 	2.19717 	-7.84416e-18 	0
0.0189189 	2.22053 	-7.8609e-18 	0
0.0195195 	2.24351 	-7.87652e-18 	0
0.0201201 	2.26548 	-7.88939e-18 	0
0.0207207 	2.28711 	-7.90139e-18 	0
0.0213213 	2.30813 	-7.91189e-18 	0
0.0219219 	2.32854 	-7.92104e-18 	0
0.0225225 	2.34866 	-7.92954e-18 	0
0.0231231 	2.36802 	-7.93653e-18 	0
0.0237237 	2.38711 	-7.94304e-18 	0
0.0243243 	2.40573 	-7.94874e-18 	0
0.0249249 	2.42389 	-7.95372e-18 	0
0.0255255 	2.44182 	-7.95835e-18 	0
0.0261261 	2.45914 	-7.9622e-18 	0
0.0267267 	2.47625 	-7.96579e-18 	0
0.0273273 	2.493 	-7.96898e-18 	0
0.0279279 	2.50937 	-7.9718e-18 	0
0.0285285 	2.52556 	-7.97446e-18 	0
0.0291291 	2.54126 	-7.97673e-18 	0
0.0297297 	2.55679 	-7.97888e-18 	0
0.0303303 	2.57202 	-7.98084e-18 	0
0.0309309 	2.58693 	-7.98263e-18 	0
0.0315315 	2.6017 	-7.98435e-18 	0
0.0321321 	2.61608 	-7.98591e-18 	0
0.0327327 	2.6303 	-7.98742e-18 	0
0.0333333 	2.64428 	-7.98886e-18 	0
0.0339339 	2.658 	-7.99025e-18 	0
0.0345345 	2.67159 	-7.99162e-18 	0
0.0351351 	2.68485 	-7.99294e-18 	0
0.0357357 	2.69799 	-7.99425e-18 	0
0.0363363 	2.71092 	-7.99555e-18 	0
0.0369369 	2.72362 	-7.99685e-18 	0
0.0375375 	2.73622 	-7.99815e-18 	0
0.0381381 	2.74854 	-7.99947e-18 	0
0.0387387 	2.76075 	-8.00079e-18 	0
0.0393393 	2.77279 	-8.00213e-18 	0
0.0399399 	2.78463 	-8.00349e-18 	0
0.0405405 	2.79638 	-8.00486e-18 	0
0.0411411 	2.80788 	-8.00627e-18 	0
0.0417417 	2.8193 	-8.00769e-18 	0
0.0423423 	2.83056 	-8.00912e-18 	0
0.0429429 	2.84166 	-8.01059e-18 	0
0.0435435 	2.85267 	-8.01206e-18 	0
0.0441441 	2.86348 	-8.01357e-18 	0
0.0447447 	2.8742 	-8.01508e-18 	0
0.0453453 	2.88479 	-8.01662e-18 	0
0.0459459 	2.89523 	-8.01816e-18 	0
0.0465465 	2.9056 	-8.01971e-18 	0
0.0471471 	2.91579 	-8.02128e-18 	0
0.0477477 	2.92591 	-8.02285e-18 	0
0.0483483 	2.93591 	-8.02442e-18 	0
0.0489489 	2.94577 	-8.026e-18 	0
0.0495495 	2.95558 	-8.02757e-18 	0
0.0501502 	2.96522 	-8.02914e-18 	0
0.0507508 	2.97479 	-8.0307e-18 	0
0.0513514 	2.98427 	-8.03225e-18 	0
0.051952 	2.99362 	-8.03377e-18 	0
0.0525526 	3.00292 	-8.03529e-18 	0
0.0531532 	3.01208 	-8.03677e-18 	0
0.0537538 	3.02118 	-8.03824e-18 	0
0.0543544 	3.03019 	-8.03968e-18 	0
0.054955 	3.03909 	-8.04108e-18 	0
0.0555556 	3.04794 	-8.04246e-18 	0
0.0561562 	3.05666 	-8.04378e-18 	0
0.0567568 	3.06532 	-8.04507e-18 	0
0.0573574 	3.07391 	-8.04632e-18 	0
0.057958 	3.0824 	-8.04751e-18 	0
0.0585586 	3.09084 	-8.04866e-18 	0
0.0591592 	3.09917 	-8.04974e-18 	0
0.0597598 	3.10745 	-8.05077e-18 	0
0.0603604 	3.11566 	-8.05174e-18 	0
0.060961 	3.12378 	-8.05263e-18 	0
0.0615616 	3.13186 	-8.05349e-18 	0
0.0621622 	3.13983 	-8.05423e-18 	0
0.0627628 	3.14776 	-8.05492e-18 	0
0.0633634 	3.15562 	-8.05553e-18 	0
0.063964 	3.1634 	-8.05604e-18 	0
0.0645646 	3.17114 	-8.05651e-18 	0
0.0651652 	3.17879 	-8.05684e-18 	0
0.0657658 	3.1864 	-8.0571e-18 	0
0.0663664 	3.19395 	-8.05727e-18 	0
0.066967 	3.20143 	-8.05731e-18 	0
0.0675676 	3.20887 	-8.0573e-18 	0
0.0681682 	3.21623 	-8.05713e-18 	0
0.0687688 	3.22354 	-8.05688e-18 	0
0.0693694 	3.2308 	-8.05653e-18 	0
0.06997 	3.23799 	-8.05602e-18 	0
0.0705706 	3.24515 	-8.05544e-18 	0
0.0711712 	3.25223 	-8.05468e-18 	0
0.0717718 	3.25928 	-8.05383e-18 	0
0.0723724 	3.26628 	-8.05286e-18 	0
0.072973 	3.27321 	-8.05171e-18 	0
0.0735736 	3.28012 	-8.05048e-18 	0
0.0741742 	3.28695 	-8.04905e-18 	0
0.0747748 	3.29375 	-8.0475e-18 	0
0.0753754 	3.30051 	-8.04581e-18 	0
0.075976 	3.3072 	-8.04392e-18 	0
0.0765766 	3.31387 	-8.04195e-18 	0
0.0771772 	3.32047 	-8.03973e-18 	0
0.0777778 	3.32704 	-8.03739e-18 	0
0.0783784 	3.33358 	-8.03489e-18 	0
0.078979 	3.34005 	-8.03217e-18 	0
0.0795796 	3.3465 	-8.02934e-18 	0
0.0801802 	3.35289 	-8.02625e-18 	0
0.0807808 	3.35925 	-8.02302e-18 	0
0.0813814 	3.36557 	-8.01961e-18 	0
0.081982 	3.37184 	-8.01595e-18 	0
0.0825826 	3.37809 	-8.01218e-18 	0
0.0831832 	3.38428 	-8.00812e-18 	0
0.0837838 	3.39044 	-8.0039e-18 	0
0.0843844 	3.39657 	-7.99949e-18 	0
0.084985 	3.40265 	-7.9948e-18 	0
0.0855856 	3.40871 	-7.98999e-18 	0
0.0861862 	3.41471 	-7.98487e-18 	0
0.0867868 	3.42069 	-7.97958e-18 	0
0.0873874 	3.42664 	-7.97409e-18 	0
0.087988 	3.43255 	-7.9683e-18 	0
0.0885886 	3.43843 	-7.96239e-18 	0
0.0891892 	3.44426 	-7.95615e-18 	0
0.0897898 	3.45007 	-7.94973e-18 	0
0.0903904 	3.45585 	-7.94312e-18 	0
0.090991 	3.46159 	-7.93619e-18 	0
0.0915916 	3.46731 	-7.92914e-18 	0
0.0921922 	3.47298 	-7.92176e-18 	0
0.0927928 	3.47863 	-7.9142e-18 	0
0.0933934 	3.48425 	-7.90646e-18 	0
0.093994 	3.48983 	-7.89841e-18 	0
0.0945946 	3.4954 	-7.89025e-18 	0
0.0951952 	3.50093 	-7.88178e-18 	0
0.0957958 	3.50642 	-7.87314e-18 	0
0.0963964 	3.5119 	-7.86433e-18 	0
0.096997 	3.51733 	-7.85526e-18 	0
0.0975976 	3.52275 	-7.84608e-18 	0
0.0981982 	3.52814 	-7.83664e-18 	0
0.0987988 	3.5335 	-7.82707e-18 	0
0.0993994 	3.53884 	-7.81735e-18 	0
0.1 	3.54414 	-7.80743e-18 	0
0.100601 	3.54942 	-7.79743e-18 	0
0.101201 	3.55467 	-7.78725e-18 	0
0.101802 	3.5599 	-7.77699e-18 	0
0.102402 	3.5651 	-7.76663e-18 	0
0.103003 	3.57027 	-7.75616e-18 	0
0.103604 	3.57542 	-7.74564e-18 	0
0.104204 	3.58055 	-7.73506e-18 	0
0.104805 	3.58566 	-7.72446e-18 	0
0.105405 	3.59074 	-7.71383e-18 	0
0.106006 	3.59579 	-7.70322e-18 	0
0.106607 	3.60083 	-7.69262e-18 	0
0.107207 	3.60583 	-7.68207e-18 	0
0.107808 	3.61082 	-7.67159e-18 	0
0.108408 	3.61578 	-7.66117e-18 	0
0.109009 	3.62072 	-7.65091e-18 	0
0.10961 	3.62564 	-7.64072e-18 	0
0.11021 	3.63054 	-7.63073e-18 	0
0.110811 	3.63541 	-7.6209e-18 	0
0.111411 	3.64027 	-7.61122e-18 	0
0.112012 	3.6451 	-7.60184e-18 	0
0.112613 	3.64992 	-7.5926e-18 	0
0.113213 	3.6547 	-7.5837e-18 	0
0.113814 	3.65948 	-7.57504e-18 	0
0.114414 	3.66423 	-7.5666e-18 	0
0.115015 	3.66896 	-7.5586e-18 	0
0.115616 	3.67367 	-7.55078e-18 	0
0.116216 	3.67836 	-7.54338e-18 	0
0.116817 	3.68304 	-7.53628e-18 	0
0.117417 	3.68769 	-7.52945e-18 	0
0.118018 	3.69232 	-7.52311e-18 	0
0.118619 	3.69694 	-7.51695e-18 	0
0.119219 	3.70153 	-7.51123e-18 	0
0.11982 	3.70611 	-7.50579e-18 	0
0.12042 	3.71068 	-7.5006e-18 	0
0.121021 	3.71521 	-7.4958e-18 	0
0.121622 	3.71974 	-7.49115e-18 	0
0.122222 	3.72425 	-7.4868e-18 	0
0.122823 	3.72874 	-7.48259e-18 	0
0.123423 	3.73321 	-7.47851e-18 	0
0.124024 	3.73766 	-7.47452e-18 	0
0.124625 	3.7421 	-7.47053e-18 	0
0.125225 	3.74652 	-7.46646e-18 	0
0.125826 	3.75092 	-7.4622e-18 	0
0.126426 	3.75531 	-7.45778e-18 	0
0.127027 	3.75968 	-7.45275e-18 	0
0.127628 	3.76403 	-7.44741e-18 	0
0.128228 	3.76838 	-7.44119e-18 	0
0.128829 	3.7727 	-7.43407e-18 	0
0.129429 	3.777 	-7.4262e-18 	0
0.13003 	3.78129 	-7.4163e-18 	0
0.130631 	3.78558 	-7.40554e-18 	0
0.131231 	3.78983 	-7.39269e-18 	0
0.131832 	3.79408 	-7.37779e-18 	0
0.132432 	3.79831 	-7.36124e-18 	0
0.133033 	3.80253 	-7.34073e-18 	0
0.133634 	3.80673 	-7.31839e-18 	0
0.134234 	3.81092 	-7.29142e-18 	0
0.134835 	3.81509 	-7.26039e-18 	0
0.135435 	3.81925 	-7.22614e-18 	0
0.136036 	3.82339 	-7.18392e-18 	0
0.136637 	3.82753 	-7.13827e-18 	0
0.137237 	3.83164 	-7.0842e-18 	0
0.137838 	3.83574 	-7.02375e-18 	0
0.138438 	3.83984 	-6.95834e-18 	0
0.139039 	3.84391 	-6.85751e-18 	0
0.13964 	3.84797 	-6.79086e-18 	0
0.14024 	3.85202 	-6.85037e-18 	0
0.140841 	3.85606 	-6.90988e-18 	0
0.141441 	3.86009 	-6.9694e-18 	0
0.142042 	3.8641 	-6.8821e-18 	0
0.142643 	3.8681 	-6.78847e-18 	0
0.143243 	3.87208 	-6.72542e-18 	0
0.143844 	3.87605 	-6.66888e-18 	0
0.144444 	3.88001 	-6.6172e-18 	0
0.145045 	3.88396 	-6.57535e-18 	0
0.145646 	3.88789 	-6.53672e-18 	0
0.146246 	3.89181 	-6.50507e-18 	0
0.146847 	3.89572 	-6.47771e-18 	0
0.147447 	3.89963 	-6.45351e-18 	0
0.148048 	3.90351 	-6.43482e-18 	0
0.148649 	3.90739 	-6.41777e-18 	0
0.149249 	3.91125 	-6.40412e-18 	0
0.14985 	3.9151 	-6.39261e-18 	0
0.15045 	3.91895 	-6.38263e-18 	0
0.151051 	3.92277 	-6.37505e-18 	0
0.151652 	3.92659 	-6.36824e-18 	0
0.152252 	3.9304 	-6.36305e-18 	0
0.152853 	3.9342 	-6.35873e-18 	0
0.153453 	3.93799 	-6.35502e-18 	0
0.154054 	3.94176 	-6.35213e-18 	0
0.154655 	3.94553 	-6.34943e-18 	0
0.155255 	3.94927 	-6.34704e-18 	0
0.155856 	3.95301 	-6.34469e-18 	0
0.156456 	3.95675 	-6.34237e-18 	0
0.157057 	3.96047 	-6.3398e-18 	0
0.157658 	3.96418 	-6.33708e-18 	0
0.158258 	3.96788 	-6.33395e-18 	0
0.158859 	3.97157 	-6.33058e-18 	0
0.159459 	3.97525 	-6.32706e-18 	0
0.16006 	3.97892 	-6.32295e-18 	0
0.160661 	3.98259 	-6.31858e-18 	0
0.161261 	3.98623 	-6.31361e-18 	0
0.161862 	3.98987 	-6.30803e-18 	0
0.162462 	3.9935 	-6.30206e-18 	0
0.163063 	3.99713 	-6.29502e-18 	0
0.163664 	4.00074 	-6.28757e-18 	0
0.164264 	4.00434 	-6.2792e-18 	0
0.164865 	4.00793 	-6.27e-18 	0
0.165465 	4.01152 	-6.26026e-18 	0
0.166066 	4.01509 	-6.24913e-18 	0
0.166667 	4.01866 	-6.23747e-18 	0
0.167267 	4.02221 	-6.22468e-18 	0
0.167868 	4.02576 	-6.21114e-18 	0
0.168468 	4.02929 	-6.19711e-18 	0
0.169069 	4.03282 	-6.17782e-18 	0
0.16967 	4.03634 	-6.1725e-18 	0
0.17027 	4.03986 	-6.20338e-18 	0
0.170871 	4.04336 	-6.29115e-18 	0
0.171471 	4.04685 	-6.41416e-18 	0
0.172072 	4.05034 	-6.5353e-18 	0
0.172673 	4.05382 	-6.62856e-18 	0
0.173273 	4.05728 	-6.65292e-18 	0
0.173874 	4.06074 	-6.64355e-18 	0
0.174474 	4.06419 	-6.61373e-18 	0
0.175075 	4.06764 	-6.58568e-18 	0
0.175676 	4.07107 	-6.557e-18 	0
0.176276 	4.07449 	-6.52663e-18 	0
0.176877 	4.07791 	-6.49494e-18 	0
0.177477 	4.08132 	-6.46247e-18 	0
0.178078 	4.08472 	-6.42789e-18 	0
0.178679 	4.08812 	-6.39256e-18 	0
0.179279 	4.09151 	-6.35564e-18 	0
0.17988 	4.09488 	-6.31723e-18 	0
0.18048 	4.09825 	-6.27797e-18 	0
0.181081 	4.10161 	-6.23639e-18 	0
0.181682 	4.10497 	-6.19401e-18 	0
0.182282 	4.10832 	-6.14996e-18 	0
0.182883 	4.11166 	-6.10441e-18 	0
0.183483 	4.11499 	-6.05801e-18 	0
0.184084 	4.11831 	-6.00939e-18 	0
0.184685 	4.12163 	-5.96005e-18 	0
0.185285 	4.12494 	-5.90921e-18 	0
0.185886 	4.12824 	-5.85711e-18 	0
0.186486 	4.13154 	-5.80431e-18 	0
0.187087 	4.13482 	-5.74987e-18 	0
0.187688 	4.1381 	-5.69499e-18 	0
0.188288 	4.14138 	-5.63924e-18 	0
0.188889 	4.14464 	-5.58303e-18 	0
0.189489 	4.1479 	-5.52657e-18 	0
0.19009 	4.15115 	-5.47011e-18 	0
0.190691 	4.15439 	-5.41383e-18 	0
0.191291 	4.15763 	-5.35792e-18 	0
0.191892 	4.16086 	-5.3031e-18 	0
0.192492 	4.16409 	-5.24887e-18 	0
0.193093 	4.1673 	-5.19723e-18 	0
0.193694 	4.17051 	-5.14685e-18 	0
0.194294 	4.17371 	-5.09908e-18 	0
0.194895 	4.17691 	-5.0548e-18 	0
0.195495 	4.18011 	-5.01233e-18 	0
0.196096 	4.18328 	-4.97728e-18 	0
0.196697 	4.18646 	-4.94548e-18 	0
0.197297 	4.18963 	-4.92022e-18 	0
0.197898 	4.19279 	-4.90357e-18 	0
0.198498 	4.19595 	-4.89131e-18 	0
0.199099 	4.1991 	-4.89591e-18 	0
0.1997 	4.20224 	-4.90789e-18 	0
0.2003 	4.20539 	-4.93459e-18 	0
0.200901 	4.20851 	-4.97893e-18 	0
0.201502 	4.21164 	-5.03219e-18 	0
0.202102 	4.21475 	-5.13436e-18 	0
0.202703 	4.21787 	-5.29319e-18 	0
0.203303 	4.22097 	-5.56325e-18 	0
0.203904 	4.22407 	-5.82681e-18 	0
0.204505 	4.22717 	-6.08581e-18 	0
0.205105 	4.23026 	-6.15727e-18 	0
0.205706 	4.23334 	-6.20954e-18 	0
0.206306 	4.23642 	-6.22499e-18 	0
0.206907 	4.23949 	-6.22686e-18 	0
0.207508 	4.24255 	-6.22206e-18 	0
0.208108 	4.24561 	-6.20079e-18 	0
0.208709 	4.24866 	-6.17548e-18 	0
0.209309 	4.2517 	-6.14258e-18 	0
0.20991 	4.25474 	-6.10428e-18 	0
0.210511 	4.25777 	-6.06338e-18 	0
0.211111 	4.2608 	-6.01742e-18 	0
0.211712 	4.26382 	-5.97037e-18 	0
0.212312 	4.26685 	-5.92133e-18 	0
0.212913 	4.26985 	-5.87098e-18 	0
0.213514 	4.27286 	-5.82002e-18 	0
0.214114 	4.27586 	-5.76829e-18 	0
0.214715 	4.27886 	-5.71656e-18 	0
0.215315 	4.28184 	-5.66485e-18 	0
0.215916 	4.28482 	-5.61354e-18 	0
0.216517 	4.2878 	-5.56243e-18 	0
0.217117 	4.29077 	-5.51227e-18 	0
0.217718 	4.29374 	-5.46256e-18 	0
0.218318 	4.2967 	-5.41361e-18 	0
0.218919 	4.29966 	-5.36559e-18 	0
0.21952 	4.30261 	-5.31803e-18 	0
0.22012 	4.30555 	-5.2718e-18 	0
0.220721 	4.30849 	-5.22607e-18 	0
0.221321 	4.31143 	-5.18122e-18 	0
0.221922 	4.31435 	-5.1373e-18 	0
0.222523 	4.31728 	-5.09384e-18 	0
0.223123 	4.32019 	-5.05194e-18 	0
0.223724 	4.3231 	-5.01061e-18 	0
0.224324 	4.32601 	-4.97023e-18 	0
0.224925 	4.32891 	-4.93086e-18 	0
0.225526 	4.33181 	-4.89195e-18 	0
0.226126 	4.3347 	-4.85431e-18 	0
0.226727 	4.33759 	-4.81714e-18 	0
0.227327 	4.34047 	-4.78074e-18 	0
0.227928 	4.34335 	-4.74516e-18 	0
0.228529 	4.34622 	-4.70998e-18 	0
0.229129 	4.34908 	-4.67583e-18 	0
0.22973 	4.35194 	-4.64207e-18 	0
0.23033 	4.3548 	-4.60895e-18 	0
0.230931 	4.35765 	-4.57652e-18 	0
0.231532 	4.3605 	-4.54442e-18 	0
0.232132 	4.36333 	-4.5132e-18 	0
0.232733 	4.36617 	-4.48233e-18 	0
0.233333 	4.369 	-4.452e-18 	0
0.233934 	4.37183 	-4.42229e-18 	0
0.234535 	4.37465 	-4.39287e-18 	0
0.235135 	4.37747 	-4.36423e-18 	0
0.235736 	4.38028 	-4.3359e-18 	0
0.236336 	4.38309 	-4.30807e-18 	0
0.236937 	4.38589 	-4.2808e-18 	0
0.237538 	4.38868 	-4.25379e-18 	0
0.238138 	4.39147 	-4.22749e-18 	0
0.238739 	4.39426 	-4.20149e-18 	0
0.239339 	4.39704 	-4.17594e-18 	0
0.23994 	4.39982 	-4.15091e-18 	0
0.240541 	4.4026 	-4.12612e-18 	0
0.241141 	4.40536 	-4.10198e-18 	0
0.241742 	4.40812 	-4.07812e-18 	0
0.242342 	4.41088 	-4.05466e-18 	0
0.242943 	4.41364 	-4.03168e-18 	0
0.243544 	4.41639 	-4.00892e-18 	0
0.244144 	4.41913 	-3.98675e-18 	0
0.244745 	4.42187 	-3.96482e-18 	0
0.245345 	4.4246 	-3.94325e-18 	0
0.245946 	4.42733 	-3.92211e-18 	0
0.246547 	4.43006 	-3.90116e-18 	0
0.247147 	4.43278 	-3.88071e-18 	0
0.247748 	4.4355 	-3.86063e-18 	0
0.248348 	4.43821 	-3.84108e-18 	0
0.248949 	4.44091 	-3.82191e-18 	0
0.24955 	4.44362 	-3.80292e-18 	0
0.25015 	4.44632 	-3.78441e-18 	0
0.250751 	4.44901 	-3.76611e-18 	0
0.251351 	4.4517 	-3.7481e-18 	0
0.251952 	4.45439 	-3.73042e-18 	0
0.252553 	4.45706 	-3.71293e-18 	0
0.253153 	4.45974 	-3.69611e-18 	0
0.253754 	4.46242 	-3.67958e-18 	0
0.254354 	4.46508 	-3.66345e-18 	0
0.254955 	4.46774 	-3.64783e-18 	0
0.255556 	4.4704 	-3.63241e-18 	0
0.256156 	4.47305 	-3.61726e-18 	0
0.256757 	4.4757 	-3.60224e-18 	0
0.257357 	4.47834 	-3.58739e-18 	0
0.257958 	4.48099 	-3.573e-18 	0
0.258559 	4.48363 	-3.5588e-18 	0
0.259159 	4.48625 	-3.5451e-18 	0
0.25976 	4.48888 	-3.53163e-18 	0
0.26036 	4.4915 	-3.51846e-18 	0
0.260961 	4.49412 	-3.50568e-18 	0
0.261562 	4.49674 	-3.49306e-18 	0
0.262162 	4.49934 	-3.48087e-18 	0
0.262763 	4.50195 	-3.46887e-18 	0
0.263363 	4.50455 	-3.45712e-18 	0
0.263964 	4.50714 	-3.4457e-18 	0
0.264565 	4.50974 	-3.43441e-18 	0
0.265165 	4.51232 	-3.42348e-18 	0
0.265766 	4.5149 	-3.41272e-18 	0
0.266366 	4.51749 	-3.40215e-18 	0
0.266967 	4.52006 	-3.39186e-18 	0
0.267568 	4.52263 	-3.38168e-18 	0
0.268168 	4.52519 	-3.37178e-18 	0
0.268769 	4.52775 	-3.36202e-18 	0
0.269369 	4.53031 	-3.35243e-18 	0
0.26997 	4.53287 	-3.34305e-18 	0
0.270571 	4.53542 	-3.33377e-18 	0
0.271171 	4.53796 	-3.32472e-18 	0
0.271772 	4.5405 	-3.31578e-18 	0
0.272372 	4.54304 	-3.30698e-18 	0
0.272973 	4.54557 	-3.29836e-18 	0
0.273574 	4.5481 	-3.28981e-18 	0
0.274174 	4.55062 	-3.28145e-18 	0
0.274775 	4.55314 	-3.27319e-18 	0
0.275375 	4.55565 	-3.26503e-18 	0
0.275976 	4.55816 	-3.25702e-18 	0
0.276577 	4.56067 	-3.24908e-18 	0
0.277177 	4.56317 	-3.24129e-18 	0
0.277778 	4.56567 	-3.23357e-18 	0
0.278378 	4.56816 	-3.22595e-18 	0
0.278979 	4.57065 	-3.21846e-18 	0
0.27958 	4.57314 	-3.21101e-18 	0
0.28018 	4.57562 	-3.20369e-18 	0
0.280781 	4.57809 	-3.19643e-18 	0
0.281381 	4.58056 	-3.18926e-18 	0
0.281982 	4.58303 	-3.18218e-18 	0
0.282583 	4.5855 	-3.17515e-18 	0
0.283183 	4.58795 	-3.16822e-18 	0
0.283784 	4.59041 	-3.16134e-18 	0
0.284384 	4.59286 	-3.15453e-18 	0
0.284985 	4.5953 	-3.1478e-18 	0
0.285586 	4.59775 	-3.14111e-18 	0
0.286186 	4.60019 	-3.13451e-18 	0
0.286787 	4.60262 	-3.12795e-18 	0
0.287387 	4.60505 	-3.12145e-18 	0
0.287988 	4.60748 	-3.11502e-18 	0
0.288589 	4.6099 	-3.10863e-18 	0
0.289189 	4.61232 	-3.1023e-18 	0
0.28979 	4.61473 	-3.09601e-18 	0
0.29039 	4.61714 	-3.08977e-18 	0
0.290991 	4.61954 	-3.08359e-18 	0
0.291592 	4.62195 	-3.07743e-18 	0
0.292192 	4.62434 	-3.07134e-18 	0
0.292793 	4.62673 	-3.06528e-18 	0
0.293393 	4.62912 	-3.05926e-18 	0
0.293994 	4.6315 	-3.05328e-18 	0
0.294595 	4.63388 	-3.04733e-18 	0
0.295195 	4.63626 	-3.04144e-18 	0
0.295796 	4.63863 	-3.03557e-18 	0
0.296396 	4.64099 	-3.02973e-18 	0
0.296997 	4.64335 	-3.02393e-18 	0
0.297598 	4.64571 	-3.01816e-18 	0
0.298198 	4.64807 	-3.01243e-18 	0
0.298799 	4.65042 	-3.00672e-18 	0
0.299399 	4.65277 	-3.00103e-18 	0
0.3 	4.6551 	-2.99539e-18 	0
0.300601 	4.65744 	-2.98975e-18 	0
0.301201 	4.65977 	-2.98416e-18 	0
0.301802 	4.6621 	-2.97859e-18 	0
0.302402 	4.66442 	-2.97302e-18 	0
0.303003 	4.66674 	-2.9675e-18 	0
0.303604 	4.66906 	-2.96199e-18 	0
0.304204 	4.67137 	-2.95651e-18 	0
0.304805 	4.67368 	-2.95104e-18 	0
0.305405 	4.67599 	-2.94559e-18 	0
0.306006 	4.67828 	-2.94016e-18 	0
0.306607 	4.68058 	-2.93474e-18 	0
0.307207 	4.68286 	-2.92935e-18 	0
0.307808 	4.68515 	-2.92397e-18 	0
0.308408 	4.68743 	-2.91861e-18 	0
0.309009 	4.68971 	-2.91326e-18 	0
0.30961 	4.69198 	-2.90792e-18 	0
0.31021 	4.69425 	-2.9026e-18 	0
0.310811 	4.69651 	-2.89729e-18 	0
0.311411 	4.69878 	-2.89198e-18 	0
0.312012 	4.70103 	-2.88669e-18 	0
0.312613 	4.70328 	-2.88141e-18 	0
0.313213 	4.70553 	-2.87614e-18 	0
0.313814 	4.70777 	-2.87087e-18 	0
0.314414 	4.71 	-2.86562e-18 	0
0.315015 	4.71224 	-2.86037e-18 	0
0.315616 	4.71447 	-2.85513e-18 	0
0.316216 	4.71669 	-2.8499e-18 	0
0.316817 	4.71891 	-2.84467e-18 	0
0.317417 	4.72113 	-2.83945e-18 	0
0.318018 	4.72334 	-2.83423e-18 	0
0.318619 	4.72555 	-2.82902e-18 	0
0.319219 	4.72775 	-2.82381e-18 	0
0.31982 	4.72995 	-2.8186e-18 	0
0.32042 	4.73214 	-2.81339e-18 	0
0.321021 	4.73433 	-2.80819e-18 	0
0.321622 	4.73651 	-2.80299e-18 	0
0.322222 	4.73869 	-2.79779e-18 	0
0.322823 	4.74087 	-2.79258e-18 	0
0.323423 	4.74304 	-2.78738e-18 	0
0.324024 	4.74521 	-2.78218e-18 	0
0.324625 	4.74738 	-2.77698e-18 	0
0.325225 	4.74953 	-2.77178e-18 	0
0.325826 	4.75169 	-2.76658e-18 	0
0.326426 	4.75384 	-2.76137e-18 	0
0.327027 	4.75598 	-2.75616e-18 	0
0.327628 	4.75812 	-2.75095e-18 	0
0.328228 	4.76026 	-2.74574e-18 	0
0.328829 	4.76238 	-2.74052e-18 	0
0.329429 	4.76451 	-2.7353e-18 	0
0.33003 	4.76663 	-2.73008e-18 	0
0.330631 	4.76875 	-2.72485e-18 	0
0.331231 	4.77086 	-2.71961e-18 	0
0.331832 	4.77297 	-2.71437e-18 	0
0.332432 	4.77507 	-2.70913e-18 	0
0.333033 	4.77717 	-2.70388e-18 	0
0.333634 	4.77927 	-2.69863e-18 	0
0.334234 	4.78136 	-2.69337e-18 	0
0.334835 	4.78344 	-2.6881e-18 	0
0.335435 	4.78553 	-2.68283e-18 	0
0.336036 	4.7876 	-2.67755e-18 	0
0.336637 	4.78967 	-2.67226e-18 	0
0.337237 	4.79174 	-2.66697e-18 	0
0.337838 	4.7938 	-2.66167e-18 	0
0.338438 	4.79586 	-2.65636e-18 	0
0.339039 	4.79791 	-2.65104e-18 	0
0.33964 	4.79995 	-2.64572e-18 	0
0.34024 	4.802 	-2.64039e-18 	0
0.340841 	4.80404 	-2.63505e-18 	0
0.341441 	4.80607 	-2.6297e-18 	0
0.342042 	4.8081 	-2.62434e-18 	0
0.342643 	4.81012 	-2.61898e-18 	0
0.343243 	4.81214 	-2.61362e-18 	0
0.343844 	4.81415 	-2.60824e-18 	0
0.344444 	4.81616 	-2.60285e-18 	0
0.345045 	4.81816 	-2.59744e-18 	0
0.345646 	4.82016 	-2.59204e-18 	0
0.346246 	4.82216 	-2.58663e-18 	0
0.346847 	4.82415 	-2.5812e-18 	0
0.347447 	4.82614 	-2.57577e-18 	0
0.348048 	4.82811 	-2.57032e-18 	0
0.348649 	4.83009 	-2.56487e-18 	0
0.349249 	4.83206 	-2.55941e-18 	0
0.34985 	4.83402 	-2.55394e-18 	0
0.35045 	4.83598 	-2.54846e-18 	0
0.351051 	4.83794 	-2.54297e-18 	0
0.351652 	4.83989 	-2.53748e-18 	0
0.352252 	4.84183 	-2.53197e-18 	0
0.352853 	4.84377 	-2.52646e-18 	0
0.353453 	4.84571 	-2.52094e-18 	0
0.354054 	4.84764 	-2.5154e-18 	0
0.354655 	4.84956 	-2.50986e-18 	0
0.355255 	4.85148 	-2.50431e-18 	0
0.355856 	4.8534 	-2.49875e-18 	0
0.356456 	4.85531 	-2.49318e-18 	0
0.357057 	4.85721 	-2.4876e-18 	0
0.357658 	4.85911 	-2.48201e-18 	0
0.358258 	4.86101 	-2.47642e-18 	0
0.358859 	4.8629 	-2.47082e-18 	0
0.359459 	4.86478 	-2.46521e-18 	0
0.36006 	4.86666 	-2.45958e-18 	0
0.360661 	4.86853 	-2.45395e-18 	0
0.361261 	4.8704 	-2.44831e-18 	0
0.361862 	4.87226 	-2.44266e-18 	0
0.362462 	4.87412 	-2.43701e-18 	0
0.363063 	4.87597 	-2.43135e-18 	0
0.363664 	4.87782 	-2.42568e-18 	0
0.364264 	4.87966 	-2.42e-18 	0
0.364865 	4.88149 	-2.41431e-18 	0
0.365465 	4.88332 	-2.40863e-18 	0
0.366066 	4.88515 	-2.40292e-18 	0
0.366667 	4.88697 	-2.39721e-18 	0
0.367267 	4.88879 	-2.3915e-18 	0
0.367868 	4.8906 	-2.38577e-18 	0
0.368468 	4.89241 	-2.38004e-18 	0
0.369069 	4.8942 	-2.3743e-18 	0
0.36967 	4.896 	-2.36856e-18 	0
0.37027 	4.89779 	-2.36281e-18 	0
0.370871 	4.89957 	-2.35705e-18 	0
0.371471 	4.90135 	-2.35128e-18 	0
0.372072 	4.90311 	-2.34551e-18 	0
0.372673 	4.90488 	-2.33974e-18 	0
0.373273 	4.90664 	-2.33395e-18 	0
0.373874 	4.90839 	-2.32817e-18 	0
0.374474 	4.91015 	-2.32238e-18 	0
0.375075 	4.91189 	-2.31657e-18 	0
0.375676 	4.91363 	-2.31077e-18 	0
0.376276 	4.91536 	-2.30496e-18 	0
0.376877 	4.91708 	-2.29914e-18 	0
0.377477 	4.91881 	-2.29332e-18 	0
0.378078 	4.92052 	-2.28749e-18 	0
0.378679 	4.92223 	-2.28166e-18 	0
0.379279 	4.92393 	-2.27583e-18 	0
0.37988 	4.92562 	-2.26998e-18 	0
0.38048 	4.92731 	-2.26414e-18 	0
0.381081 	4.929 	-2.25829e-18 	0
0.381682 	4.93069 	-2.25244e-18 	0
0.382282 	4.93235 	-2.24658e-18 	0
0.382883 	4.93402 	-2.24072e-18 	0
0.383483 	4.93568 	-2.23486e-18 	0
0.384084 	4.93734 	-2.22899e-18 	0
0.384685 	4.939 	-2.22312e-18 	0
0.385285 	4.94064 	-2.21725e-18 	0
0.385886 	4.94228 	-2.21137e-18 	0
0.386486 	4.94391 	-2.20549e-18 	0
0.387087 	4.94554 	-2.19961e-18 	0
0.387688 	4.94715 	-2.19372e-18 	0
0.388288 	4.94877 	-2.18783e-18 	0
0.388889 	4.95038 	-2.18195e-18 	0
0.389489 	4.95198 	-2.17605e-18 	0
0.39009 	4.95358 	-2.17016e-18 	0
0.390691 	4.95517 	-2.16427e-18 	0
0.391291 	4.95675 	-2.15837e-18 	0
0.391892 	4.95833 	-2.15247e-18 	0
0.392492 	4.9599 	-2.14657e-18 	0
0.393093 	4.96146 	-2.14068e-18 	0
0.393694 	4.96302 	-2.13478e-18 	0
0.394294 	4.96458 	-2.12887e-18 	0
0.394895 	4.96612 	-2.12297e-18 	0
0.395495 	4.96767 	-2.11706e-18 	0
0.396096 	4.96919 	-2.11116e-18 	0
0.396697 	4.97072 	-2.10525e-18 	0
0.397297 	4.97225 	-2.09934e-18 	0
0.397898 	4.97376 	-2.09344e-18 	0
0.398498 	4.97527 	-2.08753e-18 	0
0.399099 	4.97677 	-2.08163e-18 	0
0.3997 	4.97826 	-2.07573e-18 	0
0.4003 	4.97975 	-2.06982e-18 	0
0.400901 	4.98123 	-2.06392e-18 	0
0.401502 	4.9827 	-2.05802e-18 	0
0.402102 	4.98417 	-2.05211e-18 	0
0.402703 	4.98563 	-2.04621e-18 	0
0.403303 	4.98709 	-2.0403e-18 	0
0.403904 	4.98854 	-2.0344e-18 	0
0.404505 	4.98998 	-2.02851e-18 	0
0.405105 	4.99142 	-2.02261e-18 	0
0.405706 	4.99285 	-2.01671e-18 	0
0.406306 	4.99426 	-2.01082e-18 	0
0.406907 	4.99568 	-2.00493e-18 	0
0.407508 	4.99709 	-1.99904e-18 	0
0.408108 	4.99849 	-1.99315e-18 	0
0.408709 	4.99988 	-1.98726e-18 	0
0.409309 	5.00127 	-1.98138e-18 	0
0.40991 	5.00265 	-1.9755e-18 	0
0.410511 	5.00402 	-1.96962e-18 	0
0.411111 	5.00539 	-1.96374e-18 	0
0.411712 	5.00675 	-1.95786e-18 	0
0.412312 	5.0081 	-1.95199e-18 	0
0.412913 	5.00944 	-1.94613e-18 	0
0.413514 	5.01079 	-1.94026e-18 	0
0.414114 	5.01212 	-1.93439e-18 	0
0.414715 	5.01344 	-1.92853e-18 	0
0.415315 	5.01476 	-1.92267e-18 	0
0.415916 	5.01606 	-1.91682e-18 	0
0.416517 	5.01737 	-1.91097e-18 	0
0.417117 	5.01866 	-1.90512e-18 	0
0.417718 	5.01995 	-1.89927e-18 	0
0.418318 	5.02123 	-1.89344e-18 	0
0.418919 	5.0225 	-1.8876e-18 	0
0.41952 	5.02377 	-1.88176e-18 	0
0.42012 	5.02503 	-1.87593e-18 	0
0.420721 	5.02628 	-1.87011e-18 	0
0.421321 	5.02752 	-1.86428e-18 	0
0.421922 	5.02875 	-1.85847e-18 	0
0.422523 	5.02999 	-1.85265e-18 	0
0.423123 	5.0312 	-1.84684e-18 	0
0.423724 	5.03242 	-1.84104e-18 	0
0.424324 	5.03362 	-1.83524e-18 	0
0.424925 	5.03482 	-1.82944e-18 	0
0.425526 	5.03601 	-1.82364e-18 	0
0.426126 	5.03719 	-1.81786e-18 	0
0.426727 	5.03837 	-1.81208e-18 	0
0.427327 	5.03954 	-1.8063e-18 	0
0.427928 	5.04069 	-1.80053e-18 	0
0.428529 	5.04184 	-1.79476e-18 	0
0.429129 	5.04299 	-1.789e-18 	0
0.42973 	5.04412 	-1.78324e-18 	0
0.43033 	5.04525 	-1.77749e-18 	0
0.430931 	5.04637 	-1.77174e-18 	0
0.431532 	5.04748 	-1.76599e-18 	0
0.432132 	5.04858 	-1.76025e-18 	0
0.432733 	5.04968 	-1.75452e-18 	0
0.433333 	5.05077 	-1.74879e-18 	0
0.433934 	5.05185 	-1.74307e-18 	0
0.434535 	5.05292 	-1.73735e-18 	0
0.435135 	5.05398 	-1.73164e-18 	0
0.435736 	5.05503 	-1.72593e-18 	0
0.436336 	5.05608 	-1.72022e-18 	0
0.436937 	5.05712 	-1.71453e-18 	0
0.437538 	5.05815 	-1.70884e-18 	0
0.438138 	5.05917 	-1.70316e-18 	0
0.438739 	5.06018 	-1.69748e-18 	0
0.439339 	5.06119 	-1.69181e-18 	0
0.43994 	5.06219 	-1.68614e-18 	0
0.440541 	5.06318 	-1.68048e-18 	0
0.441141 	5.06415 	-1.67483e-18 	0
0.441742 	5.06512 	-1.66918e-18 	0
0.442342 	5.06609 	-1.66353e-18 	0
0.442943 	5.06704 	-1.6579e-18 	0
0.443544 	5.06799 	-1.65227e-18 	0
0.444144 	5.06892 	-1.64664e-18 	0
0.444745 	5.06984 	-1.64102e-18 	0
0.445345 	5.07076 	-1.63541e-18 	0
0.445946 	5.07167 	-1.62981e-18 	0
0.446547 	5.07258 	-1.62421e-18 	0
0.447147 	5.07347 	-1.61862e-18 	0
0.447748 	5.07435 	-1.61304e-18 	0
0.448348 	5.07523 	-1.60746e-18 	0
0.448949 	5.07609 	-1.60188e-18 	0
0.44955 	5.07695 	-1.59631e-18 	0
0.45015 	5.0778 	-1.59076e-18 	0
0.450751 	5.07864 	-1.58521e-18 	0
0.451351 	5.07946 	-1.57966e-18 	0
0.451952 	5.08028 	-1.57412e-18 	0
0.452553 	5.0811 	-1.56859e-18 	0
0.453153 	5.0819 	-1.56306e-18 	0
0.453754 	5.08269 	-1.55754e-18 	0
0.454354 	5.08348 	-1.55204e-18 	0
0.454955 	5.08425 	-1.54653e-18 	0
0.455556 	5.08502 	-1.54103e-18 	0
0.456156 	5.08577 	-1.53554e-18 	0
0.456757 	5.08652 	-1.53006e-18 	0
0.457357 	5.08725 	-1.52458e-18 	0
0.457958 	5.08798 	-1.51912e-18 	0
0.458559 	5.08871 	-1.51366e-18 	0
0.459159 	5.08941 	-1.5082e-18 	0
0.45976 	5.09011 	-1.50276e-18 	0
0.46036 	5.0908 	-1.49732e-18 	0
0.460961 	5.09148 	-1.49189e-18 	0
0.461562 	5.09216 	-1.48647e-18 	0
0.462162 	5.09281 	-1.48105e-18 	0
0.462763 	5.09346 	-1.47565e-18 	0
0.463363 	5.0941 	-1.47025e-18 	0
0.463964 	5.09474 	-1.46486e-18 	0
0.464565 	5.09537 	-1.45947e-18 	0
0.465165 	5.09597 	-1.4541e-18 	0
0.465766 	5.09657 	-1.44873e-18 	0
0.466366 	5.09717 	-1.44336e-18 	0
0.466967 	5.09775 	-1.43801e-18 	0
0.467568 	5.09832 	-1.43267e-18 	0
0.468168 	5.09888 	-1.42734e-18 	0
0.468769 	5.09943 	-1.42201e-18 	0
0.469369 	5.09998 	-1.41669e-18 	0
0.46997 	5.10051 	-1.41138e-18 	0
0.470571 	5.10104 	-1.40608e-18 	0
0.471171 	5.10155 	-1.40079e-18 	0
0.471772 	5.10205 	-1.3955e-18 	0
0.472372 	5.10255 	-1.39022e-18 	0
0.472973 	5.10302 	-1.38496e-18 	0
0.473574 	5.1035 	-1.3797e-18 	0
0.474174 	5.10396 	-1.37445e-18 	0
0.474775 	5.10441 	-1.36921e-18 	0
0.475375 	5.10485 	-1.36398e-18 	0
0.475976 	5.10528 	-1.35875e-18 	0
0.476577 	5.1057 	-1.35354e-18 	0
0.477177 	5.10611 	-1.34834e-18 	0
0.477778 	5.10651 	-1.34314e-18 	0
0.478378 	5.1069 	-1.33795e-18 	0
0.478979 	5.10728 	-1.33278e-18 	0
0.47958 	5.10765 	-1.32761e-18 	0
0.48018 	5.10801 	-1.32245e-18 	0
0.480781 	5.10836 	-1.31731e-18 	0
0.481381 	5.10869 	-1.31217e-18 	0
0.481982 	5.10902 	-1.30704e-18 	0
0.482583 	5.10934 	-1.30192e-18 	0
0.483183 	5.10964 	-1.29681e-18 	0
0.483784 	5.10994 	-1.29171e-18 	0
0.484384 	5.11022 	-1.28662e-18 	0
0.484985 	5.11049 	-1.28154e-18 	0
0.485586 	5.11076 	-1.27647e-18 	0
0.486186 	5.11101 	-1.27141e-18 	0
0.486787 	5.11125 	-1.26636e-18 	0
0.487387 	5.11149 	-1.26132e-18 	0
0.487988 	5.11171 	-1.25629e-18 	0
0.488589 	5.11192 	-1.25127e-18 	0
0.489189 	5.11212 	-1.24626e-18 	0
0.48979 	5.1123 	-1.24126e-18 	0
0.49039 	5.11248 	-1.23628e-18 	0
0.490991 	5.11264 	-1.2313e-18 	0
0.491592 	5.1128 	-1.22633e-18 	0
0.492192 	5.11295 	-1.22138e-18 	0
0.492793 	5.11308 	-1.21643e-18 	0
0.493393 	5.11321 	-1.2115e-18 	0
0.493994 	5.11332 	-1.20658e-18 	0
0.494595 	5.11342 	-1.20167e-18 	0
0.495195 	5.11351 	-1.19677e-18 	0
0.495796 	5.1136 	-1.19188e-18 	0
0.496396 	5.11367 	-1.187e-18 	0
0.496997 	5.11372 	-1.18213e-18 	0
0.497598 	5.11378 	-1.17726e-18 	0
0.498198 	5.11381 	-1.1724e-18 	0
0.498799 	5.11384 	-1.16755e-18 	0
0.499399 	5.11386 	-1.16271e-18 	0
0.5 	5.11386 	-1.15788e-18 	0
