0.0003003 	0.142856 	-7.17183e-18 	0
0.000900901 	0.428118 	-1.94604e-17 	0
0.0015015 	0.713149 	-3.06937e-17 	0
0.0021021 	0.995754 	-2.93338e-17 	0
0.0027027 	1.27445 	-2.82105e-17 	0
0.0033033 	1.54546 	-2.75518e-17 	0
0.0039039 	1.79699 	-2.71824e-17 	0
0.0045045 	2.03872 	-2.69558e-17 	0
0.00510511 	2.24082 	-2.69825e-17 	0
0.00570571 	2.43012 	-2.70229e-17 	0
0.00630631 	2.59484 	-2.70898e-17 	0
0.00690691 	2.74003 	-2.70705e-17 	0
0.00750751 	2.87566 	-2.70078e-17 	0
0.00810811 	2.98995 	-2.67701e-17 	0
0.00870871 	3.0984 	-2.65339e-17 	0
0.00930931 	3.19587 	-2.63005e-17 	0
0.00990991 	3.28431 	-2.61823e-17 	0
0.0105105 	3.36835 	-2.61186e-17 	0
0.0111111 	3.44203 	-2.61115e-17 	0
0.0117117 	3.51271 	-2.61028e-17 	0
0.0123123 	3.57789 	-2.60908e-17 	0
0.0129129 	3.63829 	-2.61132e-17 	0
0.0135135 	3.69638 	-2.61516e-17 	0
0.0141141 	3.74886 	-2.62089e-17 	0
0.0147147 	3.79962 	-2.62745e-17 	0
0.0153153 	3.8473 	-2.63549e-17 	0
0.0159159 	3.89219 	-2.64118e-17 	0
0.0165165 	3.93576 	-2.64572e-17 	0
0.0171171 	3.97605 	-2.64596e-17 	0
0.0177177 	4.01529 	-2.64646e-17 	0
0.0183183 	4.05271 	-2.64741e-17 	0
0.0189189 	4.08837 	-2.65044e-17 	0
0.0195195 	4.1232 	-2.65446e-17 	0
0.0201201 	4.15589 	-2.66105e-17 	0
0.0207207 	4.18787 	-2.66811e-17 	0
0.0213213 	4.21861 	-2.676e-17 	0
0.0219219 	4.24812 	-2.68156e-17 	0
0.0225225 	4.27705 	-2.68592e-17 	0
0.0231231 	4.30448 	-2.685e-17 	0
0.0237237 	4.33138 	-2.6832e-17 	0
0.0243243 	4.35741 	-2.67989e-17 	0
0.0249249 	4.38253 	-2.67687e-17 	0
0.0255255 	4.40722 	-2.67396e-17 	0
0.0261261 	4.43081 	-2.67097e-17 	0
0.0267267 	4.454 	-2.66844e-17 	0
0.0273273 	4.47653 	-2.66665e-17 	0
0.0279279 	4.49837 	-2.66873e-17 	0
0.0285285 	4.51989 	-2.67252e-17 	0
0.0291291 	4.54056 	-2.67956e-17 	0
0.0297297 	4.56091 	-2.68639e-17 	0
0.0303303 	4.58076 	-2.69291e-17 	0
0.0309309 	4.60006 	-2.6991e-17 	0
0.0315315 	4.61911 	-2.70514e-17 	0
0.0321321 	4.63749 	-2.71077e-17 	0
0.0327327 	4.65562 	-2.71625e-17 	0
0.0333333 	4.67334 	-2.7215e-17 	0
0.0339339 	4.69063 	-2.7265e-17 	0
0.0345345 	4.70771 	-2.73137e-17 	0
0.0351351 	4.72425 	-2.73594e-17 	0
0.0357357 	4.74058 	-2.74038e-17 	0
0.0363363 	4.7566 	-2.74464e-17 	0
0.0369369 	4.77224 	-2.74869e-17 	0
0.0375375 	4.78772 	-2.75265e-17 	0
0.0381381 	4.80275 	-2.75636e-17 	0
0.0387387 	4.81761 	-2.75998e-17 	0
0.0393393 	4.8322 	-2.76344e-17 	0
0.0399399 	4.84648 	-2.76674e-17 	0
0.0405405 	4.86063 	-2.76996e-17 	0
0.0411411 	4.87441 	-2.77299e-17 	0
0.0417417 	4.88804 	-2.77594e-17 	0
0.0423423 	4.90144 	-2.77876e-17 	0
0.0429429 	4.91459 	-2.78144e-17 	0
0.0435435 	4.92761 	-2.78407e-17 	0
0.0441441 	4.94032 	-2.78653e-17 	0
0.0447447 	4.9529 	-2.78892e-17 	0
0.0453453 	4.9653 	-2.79122e-17 	0
0.0459459 	4.97747 	-2.7934e-17 	0
0.0465465 	4.98953 	-2.79552e-17 	0
0.0471471 	5.00134 	-2.79752e-17 	0
0.0477477 	5.01302 	-2.79946e-17 	0
0.0483483 	5.02455 	-2.80131e-17 	0
0.0489489 	5.03588 	-2.80307e-17 	0
0.0495495 	5.04713 	-2.80478e-17 	0
0.0501502 	5.05814 	-2.80638e-17 	0
0.0507508 	5.06905 	-2.80793e-17 	0
0.0513514 	5.07982 	-2.80941e-17 	0
0.051952 	5.09042 	-2.81081e-17 	0
0.0525526 	5.10094 	-2.81216e-17 	0
0.0531532 	5.11127 	-2.81342e-17 	0
0.0537538 	5.1215 	-2.81464e-17 	0
0.0543544 	5.13162 	-2.8158e-17 	0
0.054955 	5.14158 	-2.81688e-17 	0
0.0555556 	5.15147 	-2.81793e-17 	0
0.0561562 	5.16119 	-2.8189e-17 	0
0.0567568 	5.17082 	-2.81982e-17 	0
0.0573574 	5.18036 	-2.82069e-17 	0
0.057958 	5.18975 	-2.8215e-17 	0
0.0585586 	5.19909 	-2.82228e-17 	0
0.0591592 	5.20827 	-2.82299e-17 	0
0.0597598 	5.21738 	-2.82366e-17 	0
0.0603604 	5.22639 	-2.82428e-17 	0
0.060961 	5.23528 	-2.82484e-17 	0
0.0615616 	5.24412 	-2.82539e-17 	0
0.0621622 	5.25282 	-2.82586e-17 	0
0.0627628 	5.26145 	-2.8263e-17 	0
0.0633634 	5.27 	-2.8267e-17 	0
0.063964 	5.27845 	-2.82705e-17 	0
0.0645646 	5.28684 	-2.82737e-17 	0
0.0651652 	5.2951 	-2.82763e-17 	0
0.0657658 	5.30331 	-2.82787e-17 	0
0.0663664 	5.31145 	-2.82807e-17 	0
0.066967 	5.31948 	-2.82822e-17 	0
0.0675676 	5.32748 	-2.82836e-17 	0
0.0681682 	5.33536 	-2.82844e-17 	0
0.0687688 	5.34318 	-2.82849e-17 	0
0.0693694 	5.35094 	-2.82851e-17 	0
0.06997 	5.35861 	-2.82848e-17 	0
0.0705706 	5.36623 	-2.82844e-17 	0
0.0711712 	5.37377 	-2.82836e-17 	0
0.0717718 	5.38125 	-2.82824e-17 	0
0.0723724 	5.38866 	-2.8281e-17 	0
0.072973 	5.396 	-2.82792e-17 	0
0.0735736 	5.4033 	-2.82773e-17 	0
0.0741742 	5.41051 	-2.82749e-17 	0
0.0747748 	5.41767 	-2.82723e-17 	0
0.0753754 	5.42478 	-2.82695e-17 	0
0.075976 	5.43181 	-2.82663e-17 	0
0.0765766 	5.43881 	-2.82629e-17 	0
0.0771772 	5.44573 	-2.82593e-17 	0
0.0777778 	5.45261 	-2.82554e-17 	0
0.0783784 	5.45943 	-2.82512e-17 	0
0.078979 	5.46618 	-2.82468e-17 	0
0.0795796 	5.47291 	-2.82423e-17 	0
0.0801802 	5.47956 	-2.82374e-17 	0
0.0807808 	5.48617 	-2.82323e-17 	0
0.0813814 	5.49273 	-2.8227e-17 	0
0.081982 	5.49924 	-2.82215e-17 	0
0.0825826 	5.50571 	-2.82159e-17 	0
0.0831832 	5.51211 	-2.82099e-17 	0
0.0837838 	5.51848 	-2.82038e-17 	0
0.0843844 	5.5248 	-2.81975e-17 	0
0.084985 	5.53107 	-2.8191e-17 	0
0.0855856 	5.53731 	-2.81844e-17 	0
0.0861862 	5.54348 	-2.81775e-17 	0
0.0867868 	5.54963 	-2.81705e-17 	0
0.0873874 	5.55573 	-2.81633e-17 	0
0.087988 	5.56178 	-2.81559e-17 	0
0.0885886 	5.56781 	-2.81485e-17 	0
0.0891892 	5.57378 	-2.81408e-17 	0
0.0897898 	5.57972 	-2.81329e-17 	0
0.0903904 	5.58561 	-2.8125e-17 	0
0.090991 	5.59146 	-2.81168e-17 	0
0.0915916 	5.59729 	-2.81085e-17 	0
0.0921922 	5.60307 	-2.81e-17 	0
0.0927928 	5.60881 	-2.80915e-17 	0
0.0933934 	5.61453 	-2.80827e-17 	0
0.093994 	5.62019 	-2.80738e-17 	0
0.0945946 	5.62583 	-2.80648e-17 	0
0.0951952 	5.63142 	-2.80556e-17 	0
0.0957958 	5.63699 	-2.80464e-17 	0
0.0963964 	5.64252 	-2.80369e-17 	0
0.096997 	5.64802 	-2.80273e-17 	0
0.0975976 	5.65349 	-2.80177e-17 	0
0.0981982 	5.65891 	-2.80078e-17 	0
0.0987988 	5.66431 	-2.79978e-17 	0
0.0993994 	5.66969 	-2.79877e-17 	0
0.1 	5.67502 	-2.79774e-17 	0
0.100601 	5.68033 	-2.79671e-17 	0
0.101201 	5.6856 	-2.79566e-17 	0
0.101802 	5.69085 	-2.79459e-17 	0
0.102402 	5.69607 	-2.79351e-17 	0
0.103003 	5.70125 	-2.7924e-17 	0
0.103604 	5.70641 	-2.7913e-17 	0
0.104204 	5.71154 	-2.79017e-17 	0
0.104805 	5.71664 	-2.78902e-17 	0
0.105405 	5.72172 	-2.78787e-17 	0
0.106006 	5.72676 	-2.78669e-17 	0
0.106607 	5.73178 	-2.7855e-17 	0
0.107207 	5.73677 	-2.78429e-17 	0
0.107808 	5.74173 	-2.78306e-17 	0
0.108408 	5.74668 	-2.78182e-17 	0
0.109009 	5.75159 	-2.78055e-17 	0
0.10961 	5.75649 	-2.77927e-17 	0
0.11021 	5.76135 	-2.77797e-17 	0
0.110811 	5.76618 	-2.77664e-17 	0
0.111411 	5.771 	-2.7753e-17 	0
0.112012 	5.77579 	-2.77392e-17 	0
0.112613 	5.78056 	-2.77253e-17 	0
0.113213 	5.7853 	-2.77111e-17 	0
0.113814 	5.79003 	-2.76966e-17 	0
0.114414 	5.79473 	-2.7682e-17 	0
0.115015 	5.7994 	-2.76669e-17 	0
0.115616 	5.80405 	-2.76517e-17 	0
0.116216 	5.80868 	-2.7636e-17 	0
0.116817 	5.81329 	-2.762e-17 	0
0.117417 	5.81789 	-2.76038e-17 	0
0.118018 	5.82245 	-2.7587e-17 	0
0.118619 	5.82699 	-2.75699e-17 	0
0.119219 	5.83152 	-2.75523e-17 	0
0.11982 	5.83602 	-2.75342e-17 	0
0.12042 	5.84051 	-2.75158e-17 	0
0.121021 	5.84497 	-2.74963e-17 	0
0.121622 	5.84942 	-2.74765e-17 	0
0.122222 	5.85384 	-2.74557e-17 	0
0.122823 	5.85825 	-2.74341e-17 	0
0.123423 	5.86264 	-2.74118e-17 	0
0.124024 	5.867 	-2.73878e-17 	0
0.124625 	5.87135 	-2.73631e-17 	0
0.125225 	5.87568 	-2.73364e-17 	0
0.125826 	5.87999 	-2.7308e-17 	0
0.126426 	5.88429 	-2.72782e-17 	0
0.127027 	5.88856 	-2.72458e-17 	0
0.127628 	5.89282 	-2.72122e-17 	0
0.128228 	5.89706 	-2.71752e-17 	0
0.128829 	5.90129 	-2.71353e-17 	0
0.129429 	5.9055 	-2.7093e-17 	0
0.13003 	5.90968 	-2.70445e-17 	0
0.130631 	5.91386 	-2.69934e-17 	0
0.131231 	5.91802 	-2.6936e-17 	0
0.131832 	5.92216 	-2.68728e-17 	0
0.132432 	5.92629 	-2.68049e-17 	0
0.133033 	5.93039 	-2.67261e-17 	0
0.133634 	5.93449 	-2.66427e-17 	0
0.134234 	5.93857 	-2.65477e-17 	0
0.134835 	5.94263 	-2.64436e-17 	0
0.135435 	5.94667 	-2.63321e-17 	0
0.136036 	5.95071 	-2.6205e-17 	0
0.136637 	5.95473 	-2.60718e-17 	0
0.137237 	5.95873 	-2.59245e-17 	0
0.137838 	5.96272 	-2.57672e-17 	0
0.138438 	5.96669 	-2.56023e-17 	0
0.139039 	5.97065 	-2.53838e-17 	0
0.13964 	5.97459 	-2.52439e-17 	0
0.14024 	5.97852 	-2.53836e-17 	0
0.140841 	5.98244 	-2.55362e-17 	0
0.141441 	5.98635 	-2.56987e-17 	0
0.142042 	5.99024 	-2.55794e-17 	0
0.142643 	5.99412 	-2.54489e-17 	0
0.143243 	5.99798 	-2.53802e-17 	0
0.143844 	6.00183 	-2.53175e-17 	0
0.144444 	6.00567 	-2.52594e-17 	0
0.145045 	6.00949 	-2.52136e-17 	0
0.145646 	6.0133 	-2.51721e-17 	0
0.146246 	6.0171 	-2.51402e-17 	0
0.146847 	6.02088 	-2.51148e-17 	0
0.147447 	6.02466 	-2.50942e-17 	0
0.148048 	6.02842 	-2.50813e-17 	0
0.148649 	6.03217 	-2.50707e-17 	0
0.149249 	6.03591 	-2.50651e-17 	0
0.14985 	6.03964 	-2.50616e-17 	0
0.15045 	6.04335 	-2.50598e-17 	0
0.151051 	6.04705 	-2.50595e-17 	0
0.151652 	6.05075 	-2.50594e-17 	0
0.152252 	6.05442 	-2.5059e-17 	0
0.152853 	6.05809 	-2.50574e-17 	0
0.153453 	6.06176 	-2.50549e-17 	0
0.154054 	6.0654 	-2.5049e-17 	0
0.154655 	6.06903 	-2.50416e-17 	0
0.155255 	6.07265 	-2.50304e-17 	0
0.155856 	6.07627 	-2.50154e-17 	0
0.156456 	6.07988 	-2.49979e-17 	0
0.157057 	6.08347 	-2.49734e-17 	0
0.157658 	6.08705 	-2.49462e-17 	0
0.158258 	6.09062 	-2.49128e-17 	0
0.158859 	6.09418 	-2.48737e-17 	0
0.159459 	6.09774 	-2.48308e-17 	0
0.16006 	6.10128 	-2.47785e-17 	0
0.160661 	6.10481 	-2.47226e-17 	0
0.161261 	6.10833 	-2.46589e-17 	0
0.161862 	6.11184 	-2.45887e-17 	0
0.162462 	6.11535 	-2.45143e-17 	0
0.163063 	6.11884 	-2.443e-17 	0
0.163664 	6.12233 	-2.43424e-17 	0
0.164264 	6.1258 	-2.42477e-17 	0
0.164865 	6.12926 	-2.41476e-17 	0
0.165465 	6.13272 	-2.40442e-17 	0
0.166066 	6.13617 	-2.39344e-17 	0
0.166667 	6.13961 	-2.38233e-17 	0
0.167267 	6.14303 	-2.37094e-17 	0
0.167868 	6.14645 	-2.35958e-17 	0
0.168468 	6.14987 	-2.34825e-17 	0
0.169069 	6.15327 	-2.33696e-17 	0
0.16967 	6.15667 	-2.32783e-17 	0
0.17027 	6.16005 	-2.32414e-17 	0
0.170871 	6.16343 	-2.34358e-17 	0
0.171471 	6.1668 	-2.37735e-17 	0
0.172072 	6.17016 	-2.41087e-17 	0
0.172673 	6.17351 	-2.43354e-17 	0
0.173273 	6.17686 	-2.42932e-17 	0
0.173874 	6.18019 	-2.42024e-17 	0
0.174474 	6.18352 	-2.40821e-17 	0
0.175075 	6.18683 	-2.39587e-17 	0
0.175676 	6.19015 	-2.38343e-17 	0
0.176276 	6.19346 	-2.37078e-17 	0
0.176877 	6.19676 	-2.35821e-17 	0
0.177477 	6.20005 	-2.34568e-17 	0
0.178078 	6.20332 	-2.33354e-17 	0
0.178679 	6.20659 	-2.3216e-17 	0
0.179279 	6.20986 	-2.31008e-17 	0
0.17988 	6.21312 	-2.29904e-17 	0
0.18048 	6.21637 	-2.28827e-17 	0
0.181081 	6.21962 	-2.27829e-17 	0
0.181682 	6.22286 	-2.26858e-17 	0
0.182282 	6.22609 	-2.25944e-17 	0
0.182883 	6.22931 	-2.25082e-17 	0
0.183483 	6.23253 	-2.24249e-17 	0
0.184084 	6.23574 	-2.23489e-17 	0
0.184685 	6.23894 	-2.22753e-17 	0
0.185285 	6.24214 	-2.22064e-17 	0
0.185886 	6.24533 	-2.21415e-17 	0
0.186486 	6.24851 	-2.20787e-17 	0
0.187087 	6.25168 	-2.20211e-17 	0
0.187688 	6.25485 	-2.19649e-17 	0
0.188288 	6.25801 	-2.19119e-17 	0
0.188889 	6.26117 	-2.18611e-17 	0
0.189489 	6.26432 	-2.18116e-17 	0
0.19009 	6.26748 	-2.17641e-17 	0
0.190691 	6.27063 	-2.17171e-17 	0
0.191291 	6.27378 	-2.16709e-17 	0
0.191892 	6.27694 	-2.16248e-17 	0
0.192492 	6.28009 	-2.15788e-17 	0
0.193093 	6.28324 	-2.15317e-17 	0
0.193694 	6.2864 	-2.14839e-17 	0
0.194294 	6.28955 	-2.14345e-17 	0
0.194895 	6.2927 	-2.13825e-17 	0
0.195495 	6.29586 	-2.1329e-17 	0
0.196096 	6.29901 	-2.12699e-17 	0
0.196697 	6.30216 	-2.1208e-17 	0
0.197297 	6.30531 	-2.11406e-17 	0
0.197898 	6.30846 	-2.10654e-17 	0
0.198498 	6.31161 	-2.09862e-17 	0
0.199099 	6.31476 	-2.08907e-17 	0
0.1997 	6.3179 	-2.07877e-17 	0
0.2003 	6.32105 	-2.06696e-17 	0
0.200901 	6.32419 	-2.05287e-17 	0
0.201502 	6.32733 	-2.03764e-17 	0
0.202102 	6.33046 	-2.02562e-17 	0
0.202703 	6.3336 	-2.01955e-17 	0
0.203303 	6.33673 	-2.02513e-17 	0
0.203904 	6.33985 	-2.02894e-17 	0
0.204505 	6.34297 	-2.03173e-17 	0
0.205105 	6.3461 	-2.01467e-17 	0
0.205706 	6.34922 	-1.99662e-17 	0
0.206306 	6.35233 	-1.97667e-17 	0
0.206907 	6.35543 	-1.95916e-17 	0
0.207508 	6.35854 	-1.94284e-17 	0
0.208108 	6.36164 	-1.9289e-17 	0
0.208709 	6.36474 	-1.91559e-17 	0
0.209309 	6.36784 	-1.90344e-17 	0
0.20991 	6.37093 	-1.89221e-17 	0
0.210511 	6.37401 	-1.88143e-17 	0
0.211111 	6.37709 	-1.87168e-17 	0
0.211712 	6.38016 	-1.86221e-17 	0
0.212312 	6.38324 	-1.85328e-17 	0
0.212913 	6.38631 	-1.8448e-17 	0
0.213514 	6.38938 	-1.83654e-17 	0
0.214114 	6.39244 	-1.8288e-17 	0
0.214715 	6.3955 	-1.82122e-17 	0
0.215315 	6.39855 	-1.81392e-17 	0
0.215916 	6.4016 	-1.80686e-17 	0
0.216517 	6.40465 	-1.79991e-17 	0
0.217117 	6.40769 	-1.79325e-17 	0
0.217718 	6.41073 	-1.78669e-17 	0
0.218318 	6.41376 	-1.78028e-17 	0
0.218919 	6.41679 	-1.774e-17 	0
0.21952 	6.41982 	-1.76779e-17 	0
0.22012 	6.42285 	-1.76174e-17 	0
0.220721 	6.42587 	-1.75573e-17 	0
0.221321 	6.42888 	-1.74981e-17 	0
0.221922 	6.43189 	-1.74397e-17 	0
0.222523 	6.4349 	-1.73816e-17 	0
0.223123 	6.43791 	-1.73243e-17 	0
0.223724 	6.4409 	-1.72674e-17 	0
0.224324 	6.4439 	-1.72109e-17 	0
0.224925 	6.44689 	-1.71549e-17 	0
0.225526 	6.44988 	-1.70992e-17 	0
0.226126 	6.45286 	-1.70443e-17 	0
0.226727 	6.45584 	-1.69898e-17 	0
0.227327 	6.45882 	-1.69358e-17 	0
0.227928 	6.4618 	-1.68824e-17 	0
0.228529 	6.46477 	-1.68292e-17 	0
0.229129 	6.46773 	-1.67765e-17 	0
0.22973 	6.47069 	-1.67239e-17 	0
0.23033 	6.47365 	-1.66717e-17 	0
0.230931 	6.47661 	-1.66199e-17 	0
0.231532 	6.47956 	-1.65681e-17 	0
0.232132 	6.48251 	-1.65171e-17 	0
0.232733 	6.48546 	-1.64664e-17 	0
0.233333 	6.4884 	-1.64162e-17 	0
0.233934 	6.49133 	-1.63666e-17 	0
0.234535 	6.49427 	-1.63172e-17 	0
0.235135 	6.4972 	-1.62683e-17 	0
0.235736 	6.50013 	-1.62196e-17 	0
0.236336 	6.50305 	-1.61711e-17 	0
0.236937 	6.50597 	-1.61231e-17 	0
0.237538 	6.50889 	-1.60752e-17 	0
0.238138 	6.5118 	-1.6028e-17 	0
0.238739 	6.51471 	-1.59809e-17 	0
0.239339 	6.51761 	-1.59342e-17 	0
0.23994 	6.52051 	-1.58879e-17 	0
0.240541 	6.52342 	-1.58418e-17 	0
0.241141 	6.52631 	-1.57963e-17 	0
0.241742 	6.5292 	-1.5751e-17 	0
0.242342 	6.53209 	-1.57061e-17 	0
0.242943 	6.53498 	-1.56617e-17 	0
0.243544 	6.53787 	-1.56174e-17 	0
0.244144 	6.54075 	-1.55738e-17 	0
0.244745 	6.54362 	-1.55304e-17 	0
0.245345 	6.54649 	-1.54873e-17 	0
0.245946 	6.54936 	-1.54447e-17 	0
0.246547 	6.55222 	-1.54024e-17 	0
0.247147 	6.55509 	-1.53605e-17 	0
0.247748 	6.55795 	-1.53189e-17 	0
0.248348 	6.5608 	-1.52776e-17 	0
0.248949 	6.56365 	-1.52368e-17 	0
0.24955 	6.56649 	-1.51961e-17 	0
0.25015 	6.56934 	-1.51559e-17 	0
0.250751 	6.57219 	-1.51159e-17 	0
0.251351 	6.57503 	-1.50762e-17 	0
0.251952 	6.57786 	-1.50369e-17 	0
0.252553 	6.58069 	-1.49977e-17 	0
0.253153 	6.58352 	-1.49594e-17 	0
0.253754 	6.58634 	-1.49213e-17 	0
0.254354 	6.58917 	-1.48836e-17 	0
0.254955 	6.59198 	-1.48463e-17 	0
0.255556 	6.5948 	-1.48092e-17 	0
0.256156 	6.59761 	-1.47724e-17 	0
0.256757 	6.60042 	-1.47358e-17 	0
0.257357 	6.60322 	-1.46994e-17 	0
0.257958 	6.60602 	-1.46636e-17 	0
0.258559 	6.60882 	-1.4628e-17 	0
0.259159 	6.61162 	-1.4593e-17 	0
0.25976 	6.61442 	-1.45583e-17 	0
0.26036 	6.6172 	-1.4524e-17 	0
0.260961 	6.61999 	-1.44899e-17 	0
0.261562 	6.62277 	-1.44559e-17 	0
0.262162 	6.62555 	-1.44223e-17 	0
0.262763 	6.62832 	-1.43887e-17 	0
0.263363 	6.6311 	-1.43554e-17 	0
0.263964 	6.63387 	-1.43225e-17 	0
0.264565 	6.63664 	-1.42897e-17 	0
0.265165 	6.6394 	-1.42575e-17 	0
0.265766 	6.64216 	-1.42256e-17 	0
0.266366 	6.64492 	-1.41939e-17 	0
0.266967 	6.64767 	-1.41626e-17 	0
0.267568 	6.65042 	-1.41314e-17 	0
0.268168 	6.65316 	-1.41008e-17 	0
0.268769 	6.65591 	-1.40703e-17 	0
0.269369 	6.65864 	-1.404e-17 	0
0.26997 	6.66138 	-1.401e-17 	0
0.270571 	6.66412 	-1.39802e-17 	0
0.271171 	6.66685 	-1.39508e-17 	0
0.271772 	6.66957 	-1.39216e-17 	0
0.272372 	6.6723 	-1.38926e-17 	0
0.272973 	6.67502 	-1.38638e-17 	0
0.273574 	6.67774 	-1.38351e-17 	0
0.274174 	6.68045 	-1.38068e-17 	0
0.274775 	6.68316 	-1.37786e-17 	0
0.275375 	6.68587 	-1.37506e-17 	0
0.275976 	6.68857 	-1.37228e-17 	0
0.276577 	6.69127 	-1.36951e-17 	0
0.277177 	6.69397 	-1.36676e-17 	0
0.277778 	6.69667 	-1.36402e-17 	0
0.278378 	6.69936 	-1.3613e-17 	0
0.278979 	6.70205 	-1.35859e-17 	0
0.27958 	6.70473 	-1.3559e-17 	0
0.28018 	6.70741 	-1.35322e-17 	0
0.280781 	6.71009 	-1.35055e-17 	0
0.281381 	6.71277 	-1.34789e-17 	0
0.281982 	6.71544 	-1.34523e-17 	0
0.282583 	6.71812 	-1.34259e-17 	0
0.283183 	6.72078 	-1.33996e-17 	0
0.283784 	6.72344 	-1.33734e-17 	0
0.284384 	6.7261 	-1.33472e-17 	0
0.284985 	6.72875 	-1.33212e-17 	0
0.285586 	6.73141 	-1.32951e-17 	0
0.286186 	6.73406 	-1.32692e-17 	0
0.286787 	6.7367 	-1.32434e-17 	0
0.287387 	6.73934 	-1.32175e-17 	0
0.287988 	6.74199 	-1.31918e-17 	0
0.288589 	6.74463 	-1.3166e-17 	0
0.289189 	6.74726 	-1.31403e-17 	0
0.28979 	6.74989 	-1.31146e-17 	0
0.29039 	6.75251 	-1.3089e-17 	0
0.290991 	6.75514 	-1.30634e-17 	0
0.291592 	6.75776 	-1.30378e-17 	0
0.292192 	6.76038 	-1.30123e-17 	0
0.292793 	6.76299 	-1.29867e-17 	0
0.293393 	6.7656 	-1.29611e-17 	0
0.293994 	6.7682 	-1.29357e-17 	0
0.294595 	6.77081 	-1.29102e-17 	0
0.295195 	6.77341 	-1.28847e-17 	0
0.295796 	6.77601 	-1.28591e-17 	0
0.296396 	6.7786 	-1.28336e-17 	0
0.296997 	6.78119 	-1.28081e-17 	0
0.297598 	6.78378 	-1.27826e-17 	0
0.298198 	6.78636 	-1.2757e-17 	0
0.298799 	6.78894 	-1.27315e-17 	0
0.299399 	6.79152 	-1.2706e-17 	0
0.3 	6.79409 	-1.26804e-17 	0
0.300601 	6.79666 	-1.26548e-17 	0
0.301201 	6.79923 	-1.26292e-17 	0
0.301802 	6.8018 	-1.26035e-17 	0
0.302402 	6.80435 	-1.25779e-17 	0
0.303003 	6.80691 	-1.25522e-17 	0
0.303604 	6.80947 	-1.25266e-17 	0
0.304204 	6.81202 	-1.25008e-17 	0
0.304805 	6.81456 	-1.2475e-17 	0
0.305405 	6.81711 	-1.24493e-17 	0
0.306006 	6.81965 	-1.24234e-17 	0
0.306607 	6.82218 	-1.23976e-17 	0
0.307207 	6.82471 	-1.23718e-17 	0
0.307808 	6.82725 	-1.23459e-17 	0
0.308408 	6.82977 	-1.232e-17 	0
0.309009 	6.8323 	-1.2294e-17 	0
0.30961 	6.83482 	-1.2268e-17 	0
0.31021 	6.83733 	-1.2242e-17 	0
0.310811 	6.83984 	-1.22159e-17 	0
0.311411 	6.84235 	-1.21898e-17 	0
0.312012 	6.84486 	-1.21637e-17 	0
0.312613 	6.84736 	-1.21375e-17 	0
0.313213 	6.84986 	-1.21113e-17 	0
0.313814 	6.85235 	-1.20851e-17 	0
0.314414 	6.85484 	-1.20588e-17 	0
0.315015 	6.85733 	-1.20325e-17 	0
0.315616 	6.85982 	-1.20061e-17 	0
0.316216 	6.8623 	-1.19798e-17 	0
0.316817 	6.86478 	-1.19533e-17 	0
0.317417 	6.86725 	-1.19268e-17 	0
0.318018 	6.86972 	-1.19004e-17 	0
0.318619 	6.87219 	-1.18739e-17 	0
0.319219 	6.87465 	-1.18473e-17 	0
0.31982 	6.87711 	-1.18207e-17 	0
0.32042 	6.87956 	-1.1794e-17 	0
0.321021 	6.88202 	-1.17674e-17 	0
0.321622 	6.88447 	-1.17407e-17 	0
0.322222 	6.88692 	-1.1714e-17 	0
0.322823 	6.88936 	-1.16872e-17 	0
0.323423 	6.8918 	-1.16604e-17 	0
0.324024 	6.89423 	-1.16336e-17 	0
0.324625 	6.89666 	-1.16067e-17 	0
0.325225 	6.89908 	-1.15798e-17 	0
0.325826 	6.9015 	-1.15529e-17 	0
0.326426 	6.90392 	-1.15259e-17 	0
0.327027 	6.90634 	-1.14989e-17 	0
0.327628 	6.90875 	-1.14718e-17 	0
0.328228 	6.91116 	-1.14448e-17 	0
0.328829 	6.91357 	-1.14177e-17 	0
0.329429 	6.91597 	-1.13906e-17 	0
0.33003 	6.91836 	-1.13634e-17 	0
0.330631 	6.92075 	-1.13363e-17 	0
0.331231 	6.92314 	-1.13091e-17 	0
0.331832 	6.92553 	-1.12818e-17 	0
0.332432 	6.92791 	-1.12546e-17 	0
0.333033 	6.93029 	-1.12272e-17 	0
0.333634 	6.93266 	-1.11999e-17 	0
0.334234 	6.93503 	-1.11725e-17 	0
0.334835 	6.9374 	-1.11451e-17 	0
0.335435 	6.93977 	-1.11177e-17 	0
0.336036 	6.94213 	-1.10902e-17 	0
0.336637 	6.94449 	-1.10627e-17 	0
0.337237 	6.94684 	-1.10352e-17 	0
0.337838 	6.94919 	-1.10077e-17 	0
0.338438 	6.95154 	-1.098e-17 	0
0.339039 	6.95389 	-1.09524e-17 	0
0.33964 	6.95623 	-1.09246e-17 	0
0.34024 	6.95858 	-1.08969e-17 	0
0.340841 	6.96092 	-1.08691e-17 	0
0.341441 	6.96326 	-1.08413e-17 	0
0.342042 	6.9656 	-1.08134e-17 	0
0.342643 	6.96793 	-1.07855e-17 	0
0.343243 	6.97026 	-1.07575e-17 	0
0.343844 	6.97259 	-1.07295e-17 	0
0.344444 	6.97492 	-1.07015e-17 	0
0.345045 	6.97724 	-1.06734e-17 	0
0.345646 	6.97956 	-1.06454e-17 	0
0.346246 	6.98187 	-1.06174e-17 	0
0.346847 	6.98417 	-1.05893e-17 	0
0.347447 	6.98647 	-1.05613e-17 	0
0.348048 	6.98875 	-1.05335e-17 	0
0.348649 	6.99102 	-1.05056e-17 	0
0.349249 	6.99328 	-1.04779e-17 	0
0.34985 	6.99552 	-1.04503e-17 	0
0.35045 	6.99775 	-1.04229e-17 	0
0.351051 	6.99994 	-1.03957e-17 	0
0.351652 	7.00211 	-1.03688e-17 	0
0.352252 	7.00426 	-1.0342e-17 	0
0.352853 	7.00638 	-1.03156e-17 	0
0.353453 	7.00848 	-1.02893e-17 	0
0.354054 	7.01053 	-1.02636e-17 	0
0.354655 	7.01258 	-1.0238e-17 	0
0.355255 	7.01458 	-1.02128e-17 	0
0.355856 	7.01657 	-1.01877e-17 	0
0.356456 	7.01855 	-1.01627e-17 	0
0.357057 	7.0205 	-1.01379e-17 	0
0.357658 	7.02245 	-1.01131e-17 	0
0.358258 	7.0244 	-1.00883e-17 	0
0.358859 	7.02635 	-1.00635e-17 	0
0.359459 	7.02828 	-1.00387e-17 	0
0.36006 	7.03021 	-1.00139e-17 	0
0.360661 	7.03214 	-9.98914e-18 	0
0.361261 	7.03407 	-9.96437e-18 	0
0.361862 	7.03598 	-9.93962e-18 	0
0.362462 	7.03789 	-9.91487e-18 	0
0.363063 	7.03979 	-9.89013e-18 	0
0.363664 	7.0417 	-9.86539e-18 	0
0.364264 	7.04359 	-9.84067e-18 	0
0.364865 	7.04548 	-9.81596e-18 	0
0.365465 	7.04736 	-9.79126e-18 	0
0.366066 	7.04924 	-9.76657e-18 	0
0.366667 	7.05111 	-9.74189e-18 	0
0.367267 	7.05298 	-9.71722e-18 	0
0.367868 	7.05484 	-9.69256e-18 	0
0.368468 	7.05669 	-9.6679e-18 	0
0.369069 	7.05854 	-9.64327e-18 	0
0.36967 	7.06039 	-9.61864e-18 	0
0.37027 	7.06223 	-9.59402e-18 	0
0.370871 	7.06406 	-9.56941e-18 	0
0.371471 	7.06589 	-9.54481e-18 	0
0.372072 	7.06771 	-9.52023e-18 	0
0.372673 	7.06953 	-9.49565e-18 	0
0.373273 	7.07135 	-9.47108e-18 	0
0.373874 	7.07315 	-9.44653e-18 	0
0.374474 	7.07495 	-9.42198e-18 	0
0.375075 	7.07674 	-9.39746e-18 	0
0.375676 	7.07853 	-9.37294e-18 	0
0.376276 	7.08032 	-9.34844e-18 	0
0.376877 	7.08209 	-9.32394e-18 	0
0.377477 	7.08386 	-9.29946e-18 	0
0.378078 	7.08563 	-9.27499e-18 	0
0.378679 	7.08739 	-9.25053e-18 	0
0.379279 	7.08915 	-9.22608e-18 	0
0.37988 	7.0909 	-9.20165e-18 	0
0.38048 	7.09264 	-9.17722e-18 	0
0.381081 	7.09438 	-9.15281e-18 	0
0.381682 	7.09611 	-9.12841e-18 	0
0.382282 	7.09784 	-9.10403e-18 	0
0.382883 	7.09956 	-9.07966e-18 	0
0.383483 	7.10127 	-9.05529e-18 	0
0.384084 	7.10298 	-9.03094e-18 	0
0.384685 	7.10468 	-9.0066e-18 	0
0.385285 	7.10637 	-8.98228e-18 	0
0.385886 	7.10806 	-8.95797e-18 	0
0.386486 	7.10975 	-8.93367e-18 	0
0.387087 	7.11143 	-8.90938e-18 	0
0.387688 	7.1131 	-8.88511e-18 	0
0.388288 	7.11476 	-8.86085e-18 	0
0.388889 	7.11642 	-8.8366e-18 	0
0.389489 	7.11808 	-8.81236e-18 	0
0.39009 	7.11973 	-8.78814e-18 	0
0.390691 	7.12137 	-8.76393e-18 	0
0.391291 	7.123 	-8.73974e-18 	0
0.391892 	7.12463 	-8.71556e-18 	0
0.392492 	7.12626 	-8.69138e-18 	0
0.393093 	7.12788 	-8.66723e-18 	0
0.393694 	7.12949 	-8.64308e-18 	0
0.394294 	7.13109 	-8.61895e-18 	0
0.394895 	7.13269 	-8.59483e-18 	0
0.395495 	7.13428 	-8.57072e-18 	0
0.396096 	7.13586 	-8.54664e-18 	0
0.396697 	7.13744 	-8.52256e-18 	0
0.397297 	7.13901 	-8.49849e-18 	0
0.397898 	7.14057 	-8.47444e-18 	0
0.398498 	7.14214 	-8.4504e-18 	0
0.399099 	7.14369 	-8.42638e-18 	0
0.3997 	7.14524 	-8.40236e-18 	0
0.4003 	7.14678 	-8.37837e-18 	0
0.400901 	7.14831 	-8.35439e-18 	0
0.401502 	7.14984 	-8.33041e-18 	0
0.402102 	7.15136 	-8.30646e-18 	0
0.402703 	7.15287 	-8.28251e-18 	0
0.403303 	7.15438 	-8.25858e-18 	0
0.403904 	7.15588 	-8.23466e-18 	0
0.404505 	7.15737 	-8.21076e-18 	0
0.405105 	7.15885 	-8.18687e-18 	0
0.405706 	7.16034 	-8.163e-18 	0
0.406306 	7.16181 	-8.13914e-18 	0
0.406907 	7.16328 	-8.1153e-18 	0
0.407508 	7.16474 	-8.09146e-18 	0
0.408108 	7.16619 	-8.06765e-18 	0
0.408709 	7.16763 	-8.04384e-18 	0
0.409309 	7.16907 	-8.02005e-18 	0
0.40991 	7.1705 	-7.99628e-18 	0
0.410511 	7.17192 	-7.97251e-18 	0
0.411111 	7.17334 	-7.94878e-18 	0
0.411712 	7.17475 	-7.92505e-18 	0
0.412312 	7.17615 	-7.90133e-18 	0
0.412913 	7.17755 	-7.87763e-18 	0
0.413514 	7.17894 	-7.85394e-18 	0
0.414114 	7.18032 	-7.83027e-18 	0
0.414715 	7.18169 	-7.80662e-18 	0
0.415315 	7.18306 	-7.78298e-18 	0
0.415916 	7.18442 	-7.75936e-18 	0
0.416517 	7.18577 	-7.73574e-18 	0
0.417117 	7.18711 	-7.71215e-18 	0
0.417718 	7.18845 	-7.68857e-18 	0
0.418318 	7.18978 	-7.665e-18 	0
0.418919 	7.1911 	-7.64145e-18 	0
0.41952 	7.19241 	-7.61792e-18 	0
0.42012 	7.19372 	-7.5944e-18 	0
0.420721 	7.19501 	-7.5709e-18 	0
0.421321 	7.19631 	-7.54742e-18 	0
0.421922 	7.19759 	-7.52395e-18 	0
0.422523 	7.19887 	-7.50049e-18 	0
0.423123 	7.20013 	-7.47706e-18 	0
0.423724 	7.2014 	-7.45364e-18 	0
0.424324 	7.20265 	-7.43024e-18 	0
0.424925 	7.2039 	-7.40686e-18 	0
0.425526 	7.20513 	-7.38349e-18 	0
0.426126 	7.20636 	-7.36014e-18 	0
0.426727 	7.20758 	-7.33681e-18 	0
0.427327 	7.20879 	-7.31349e-18 	0
0.427928 	7.21 	-7.29019e-18 	0
0.428529 	7.2112 	-7.26691e-18 	0
0.429129 	7.21238 	-7.24365e-18 	0
0.42973 	7.21356 	-7.22041e-18 	0
0.43033 	7.21473 	-7.19718e-18 	0
0.430931 	7.21589 	-7.17397e-18 	0
0.431532 	7.21705 	-7.15077e-18 	0
0.432132 	7.2182 	-7.12761e-18 	0
0.432733 	7.21934 	-7.10446e-18 	0
0.433333 	7.22047 	-7.08132e-18 	0
0.433934 	7.22159 	-7.05821e-18 	0
0.434535 	7.2227 	-7.03511e-18 	0
0.435135 	7.2238 	-7.01204e-18 	0
0.435736 	7.2249 	-6.98899e-18 	0
0.436336 	7.22598 	-6.96596e-18 	0
0.436937 	7.22706 	-6.94295e-18 	0
0.437538 	7.22814 	-6.91994e-18 	0
0.438138 	7.22919 	-6.89698e-18 	0
0.438739 	7.23025 	-6.87402e-18 	0
0.439339 	7.23129 	-6.85109e-18 	0
0.43994 	7.23233 	-6.82818e-18 	0
0.440541 	7.23336 	-6.80529e-18 	0
0.441141 	7.23437 	-6.78243e-18 	0
0.441742 	7.23538 	-6.75958e-18 	0
0.442342 	7.23638 	-6.73676e-18 	0
0.442943 	7.23737 	-6.71396e-18 	0
0.443544 	7.23835 	-6.69118e-18 	0
0.444144 	7.23932 	-6.66843e-18 	0
0.444745 	7.24029 	-6.6457e-18 	0
0.445345 	7.24124 	-6.62299e-18 	0
0.445946 	7.24218 	-6.60031e-18 	0
0.446547 	7.24312 	-6.57765e-18 	0
0.447147 	7.24405 	-6.55502e-18 	0
0.447748 	7.24496 	-6.5324e-18 	0
0.448348 	7.24587 	-6.50981e-18 	0
0.448949 	7.24676 	-6.48726e-18 	0
0.44955 	7.24765 	-6.46471e-18 	0
0.45015 	7.24853 	-6.44221e-18 	0
0.450751 	7.2494 	-6.41972e-18 	0
0.451351 	7.25027 	-6.39727e-18 	0
0.451952 	7.25111 	-6.37484e-18 	0
0.452553 	7.25195 	-6.35243e-18 	0
0.453153 	7.25278 	-6.33006e-18 	0
0.453754 	7.25361 	-6.30771e-18 	0
0.454354 	7.25442 	-6.28538e-18 	0
0.454955 	7.25522 	-6.2631e-18 	0
0.455556 	7.25601 	-6.24082e-18 	0
0.456156 	7.25679 	-6.21859e-18 	0
0.456757 	7.25757 	-6.19638e-18 	0
0.457357 	7.25833 	-6.1742e-18 	0
0.457958 	7.25908 	-6.15205e-18 	0
0.458559 	7.25983 	-6.12992e-18 	0
0.459159 	7.26056 	-6.10783e-18 	0
0.45976 	7.26129 	-6.08577e-18 	0
0.46036 	7.262 	-6.06372e-18 	0
0.460961 	7.2627 	-6.04172e-18 	0
0.461562 	7.2634 	-6.01974e-18 	0
0.462162 	7.26408 	-5.99781e-18 	0
0.462763 	7.26475 	-5.97589e-18 	0
0.463363 	7.26541 	-5.95401e-18 	0
0.463964 	7.26606 	-5.93216e-18 	0
0.464565 	7.26671 	-5.91034e-18 	0
0.465165 	7.26734 	-5.88855e-18 	0
0.465766 	7.26796 	-5.8668e-18 	0
0.466366 	7.26857 	-5.84507e-18 	0
0.466967 	7.26917 	-5.82339e-18 	0
0.467568 	7.26976 	-5.80173e-18 	0
0.468168 	7.27034 	-5.78011e-18 	0
0.468769 	7.27091 	-5.75851e-18 	0
0.469369 	7.27148 	-5.73695e-18 	0
0.46997 	7.27202 	-5.71544e-18 	0
0.470571 	7.27256 	-5.69394e-18 	0
0.471171 	7.27309 	-5.67249e-18 	0
0.471772 	7.27361 	-5.65106e-18 	0
0.472372 	7.27412 	-5.62967e-18 	0
0.472973 	7.27461 	-5.60833e-18 	0
0.473574 	7.2751 	-5.587e-18 	0
0.474174 	7.27557 	-5.56573e-18 	0
0.474775 	7.27604 	-5.54448e-18 	0
0.475375 	7.2765 	-5.52327e-18 	0
0.475976 	7.27694 	-5.50211e-18 	0
0.476577 	7.27737 	-5.48097e-18 	0
0.477177 	7.27779 	-5.45988e-18 	0
0.477778 	7.27821 	-5.43882e-18 	0
0.478378 	7.27861 	-5.41779e-18 	0
0.478979 	7.279 	-5.39681e-18 	0
0.47958 	7.27938 	-5.37586e-18 	0
0.48018 	7.27974 	-5.35496e-18 	0
0.480781 	7.2801 	-5.33409e-18 	0
0.481381 	7.28045 	-5.31325e-18 	0
0.481982 	7.28079 	-5.29247e-18 	0
0.482583 	7.28111 	-5.27171e-18 	0
0.483183 	7.28143 	-5.251e-18 	0
0.483784 	7.28173 	-5.23033e-18 	0
0.484384 	7.28202 	-5.20969e-18 	0
0.484985 	7.2823 	-5.18911e-18 	0
0.485586 	7.28258 	-5.16856e-18 	0
0.486186 	7.28284 	-5.14805e-18 	0
0.486787 	7.28308 	-5.12757e-18 	0
0.487387 	7.28332 	-5.10712e-18 	0
0.487988 	7.28355 	-5.08669e-18 	0
0.488589 	7.28376 	-5.06627e-18 	0
0.489189 	7.28396 	-5.0459e-18 	0
0.48979 	7.28416 	-5.02554e-18 	0
0.49039 	7.28435 	-5.0052e-18 	0
0.490991 	7.28452 	-4.9849e-18 	0
0.491592 	7.28468 	-4.96461e-18 	0
0.492192 	7.28483 	-4.94436e-18 	0
0.492793 	7.28496 	-4.92413e-18 	0
0.493393 	7.2851 	-4.90393e-18 	0
0.493994 	7.28521 	-4.88377e-18 	0
0.494595 	7.28532 	-4.86364e-18 	0
0.495195 	7.28541 	-4.84355e-18 	0
0.495796 	7.2855 	-4.8235e-18 	0
0.496396 	7.28557 	-4.80347e-18 	0
0.496997 	7.28562 	-4.78349e-18 	0
0.497598 	7.28568 	-4.76353e-18 	0
0.498198 	7.28571 	-4.74362e-18 	0
0.498799 	7.28574 	-4.72374e-18 	0
0.499399 	7.28576 	-4.70389e-18 	0
0.5 	7.28576 	-4.68408e-18 	0
